2
916 1656 1 87 2
     1   -6.86244e+00   2.74343e+00
     2   -6.86244e+00   2.61824e+00
     3   -6.73237e+00   2.74343e+00
     4   -6.74986e+00   2.55564e+00
     5   -6.86244e+00   2.49304e+00
     6   -6.63886e+00   2.62274e+00
     7   -6.60230e+00   2.74343e+00
     8   -6.74986e+00   2.43045e+00
     9   -6.63727e+00   2.49304e+00
    10   -6.52919e+00   2.59398e+00
    11   -6.86244e+00   2.36785e+00
    12   -6.47223e+00   2.74343e+00
    13   -6.63727e+00   2.36785e+00
    14   -6.74986e+00   2.30525e+00
    15   -6.52469e+00   2.43045e+00
    16   -6.41527e+00   2.62724e+00
    17   -6.86244e+00   2.24266e+00
    18   -6.41369e+00   2.49755e+00
    19   -6.34216e+00   2.74343e+00
    20   -6.63727e+00   2.24266e+00
    21   -6.52469e+00   2.30525e+00
    22   -6.74986e+00   2.18006e+00
    23   -6.30458e+00   2.60289e+00
    24   -6.41211e+00   2.36785e+00
    25   -6.86244e+00   2.11747e+00
    26   -6.27680e+00   2.46140e+00
    27   -6.21209e+00   2.74343e+00
    28   -6.52627e+00   2.17556e+00
    29   -6.63727e+00   2.11747e+00
    30   -6.41369e+00   2.23816e+00
    31   -6.74986e+00   2.05487e+00
    32   -6.26711e+00   2.30666e+00
    33   -6.14396e+00   2.57164e+00
    34   -6.86244e+00   1.99227e+00
    35   -6.42353e+00   2.12072e+00
    36   -6.52957e+00   2.04676e+00
    37   -6.08202e+00   2.74343e+00
    38   -6.63886e+00   1.98777e+00
    39   -6.30642e+00   2.17003e+00
    40   -6.11933e+00   2.42182e+00
    41   -6.74986e+00   1.92968e+00
    42   -6.19555e+00   2.20512e+00
    43   -6.01032e+00   2.62615e+00
    44   -6.41501e+00   1.99172e+00
    45   -6.86244e+00   1.86708e+00
    46   -6.10774e+00   2.29237e+00
    47   -6.52549e+00   1.92890e+00
    48   -6.32129e+00   2.04162e+00
    49   -6.63727e+00   1.86708e+00
    50   -5.99204e+00   2.48261e+00
    51   -5.95194e+00   2.74343e+00
    52   -6.20202e+00   2.09288e+00
    53   -6.00148e+00   2.36702e+00
    54   -6.74986e+00   1.80448e+00
    55   -6.09447e+00   2.16364e+00
    56   -6.41460e+00   1.86245e+00
    57   -6.31525e+00   1.91729e+00
    58   -5.88309e+00   2.59162e+00
    59   -6.86244e+00   1.74189e+00
    60   -6.52690e+00   1.79947e+00
    61   -6.20582e+00   1.98492e+00
    62   -5.99048e+00   2.23763e+00
    63   -6.63886e+00   1.73738e+00
    64   -5.87565e+00   2.42488e+00
    65   -5.82187e+00   2.74343e+00
    66   -6.09140e+00   2.03494e+00
    67   -6.74986e+00   1.67929e+00
    68   -5.88060e+00   2.30683e+00
    69   -5.98683e+00   2.11005e+00
    70   -6.31051e+00   1.79131e+00
    71   -6.41568e+00   1.73276e+00
    72   -6.20038e+00   1.85853e+00
    73   -5.76180e+00   2.62521e+00
    74   -5.76803e+00   2.49566e+00
    75   -6.09062e+00   1.92656e+00
    76   -6.86244e+00   1.61669e+00
    77   -5.87611e+00   2.17706e+00
    78   -6.53158e+00   1.63782e+00
    79   -6.64215e+00   1.60859e+00
    80   -5.75872e+00   2.37083e+00
    81   -5.97843e+00   1.98157e+00
    82   -5.69180e+00   2.74343e+00
    83   -5.87028e+00   2.05315e+00
    84   -5.76246e+00   2.24108e+00
    85   -6.19686e+00   1.72941e+00
    86   -6.30834e+00   1.66367e+00
    87   -6.10213e+00   1.79739e+00
    88   -6.42294e+00   1.60355e+00
    89   -5.65328e+00   2.55418e+00
    90   -5.66415e+00   2.42583e+00
    91   -5.98496e+00   1.85298e+00
    92   -6.86244e+00   1.49150e+00
    93   -6.73237e+00   1.49150e+00
    94   -5.75668e+00   2.11429e+00
    95   -6.60230e+00   1.49150e+00
    96   -5.64857e+00   2.30216e+00
    97   -5.86926e+00   1.91156e+00
    98   -5.56173e+00   2.74343e+00
    99   -5.55706e+00   2.63944e+00
   100   -6.47223e+00   1.49150e+00
   101   -6.19140e+00   1.60032e+00
   102   -6.09123e+00   1.66522e+00
   103   -5.98159e+00   1.75089e+00
   104   -5.76399e+00   1.98548e+00
   105   -5.65528e+00   2.17309e+00
   106   -5.55165e+00   2.48830e+00
   107   -6.34216e+00   1.49150e+00
   108   -5.55843e+00   2.35980e+00
   109   -5.87075e+00   1.80565e+00
   110   -5.64793e+00   2.04350e+00
   111   -6.21209e+00   1.49150e+00
   112   -5.75743e+00   1.85702e+00
   113   -5.53949e+00   2.23178e+00
   114   -5.45226e+00   2.56387e+00
   115   -5.99738e+00   1.60815e+00
   116   -5.43166e+00   2.74343e+00
   117   -5.45557e+00   2.43906e+00
   118   -5.64827e+00   1.92699e+00
   119   -5.53969e+00   2.11404e+00
   120   -6.08202e+00   1.49150e+00
   121   -5.88014e+00   1.64164e+00
   122   -5.43886e+00   2.31029e+00
   123   -5.76761e+00   1.72880e+00
   124   -5.33963e+00   2.62816e+00
   125   -5.53552e+00   1.98491e+00
   126   -5.42954e+00   2.18299e+00
   127   -5.34137e+00   2.49849e+00
   128   -5.65029e+00   1.78400e+00
   129   -5.95194e+00   1.49150e+00
   130   -5.30159e+00   2.74343e+00
   131   -5.33216e+00   2.38431e+00
   132   -5.77377e+00   1.60131e+00
   133   -5.42508e+00   2.05311e+00
   134   -5.53541e+00   1.84414e+00
   135   -5.32191e+00   2.25486e+00
   136   -5.65824e+00   1.65962e+00
   137   -5.82187e+00   1.49150e+00
   138   -5.23101e+00   2.60422e+00
   139   -5.41658e+00   1.92342e+00
   140   -5.22455e+00   2.45045e+00
   141   -5.31320e+00   2.12530e+00
   142   -5.54191e+00   1.71463e+00
   143   -5.17152e+00   2.74343e+00
   144   -5.21940e+00   2.32146e+00
   145   -5.69180e+00   1.49150e+00
   146   -5.30858e+00   1.99572e+00
   147   -5.42622e+00   1.77374e+00
   148   -5.20932e+00   2.19375e+00
   149   -5.11779e+00   2.63745e+00
   150   -5.12059e+00   2.52813e+00
   151   -5.49670e+00   1.60408e+00
   152   -5.10948e+00   2.39045e+00
   153   -5.29824e+00   1.86658e+00
   154   -5.19931e+00   2.06552e+00
   155   -5.56173e+00   1.49150e+00
   156   -5.40083e+00   1.66527e+00
   157   -5.04145e+00   2.74343e+00
   158   -5.10213e+00   2.26647e+00
   159   -5.01527e+00   2.60933e+00
   160   -5.19334e+00   1.93574e+00
   161   -5.29241e+00   1.73691e+00
   162   -5.09207e+00   2.13839e+00
   163   -5.00301e+00   2.46442e+00
   164   -5.43166e+00   1.49150e+00
   165   -4.99342e+00   2.33513e+00
   166   -5.18333e+00   1.80619e+00
   167   -5.08241e+00   2.00884e+00
   168   -5.28451e+00   1.60734e+00
   169   -4.91138e+00   2.74343e+00
   170   -4.98486e+00   2.21124e+00
   171   -4.89740e+00   2.53914e+00
   172   -5.07627e+00   1.87981e+00
   173   -5.17663e+00   1.67953e+00
   174   -4.97519e+00   2.08170e+00
   175   -5.30159e+00   1.49150e+00
   176   -4.88767e+00   2.41013e+00
   177   -4.87682e+00   2.28094e+00
   178   -5.06763e+00   1.75015e+00
   179   -4.96919e+00   1.95206e+00
   180   -4.86981e+00   2.15149e+00
   181   -4.78131e+00   2.74343e+00
   182   -4.78255e+00   2.63499e+00
   183   -4.78027e+00   2.48310e+00
   184   -5.17152e+00   1.49150e+00
   185   -4.95976e+00   1.82261e+00
   186   -5.06077e+00   1.62084e+00
   187   -4.86034e+00   2.02273e+00
   188   -4.77006e+00   2.35496e+00
   189   -4.76090e+00   2.22231e+00
   190   -4.85346e+00   1.89297e+00
   191   -4.94688e+00   1.68053e+00
   192   -4.67373e+00   2.55743e+00
   193   -4.75279e+00   2.09537e+00
   194   -5.04145e+00   1.49150e+00
   195   -4.65124e+00   2.74343e+00
   196   -4.66294e+00   2.42797e+00
   197   -4.84447e+00   1.76390e+00
   198   -4.65368e+00   2.29551e+00
   199   -4.74611e+00   1.96558e+00
   200   -4.64449e+00   2.16601e+00
   201   -4.56455e+00   2.62773e+00
   202   -4.73670e+00   1.83602e+00
   203   -4.91138e+00   1.49150e+00
   204   -4.55530e+00   2.49806e+00
   205   -4.82138e+00   1.62298e+00
   206   -4.63713e+00   2.03639e+00
   207   -4.52117e+00   2.74343e+00
   208   -4.54604e+00   2.36839e+00
   209   -4.72797e+00   1.70640e+00
   210   -4.53678e+00   2.23873e+00
   211   -4.62595e+00   1.90654e+00
   212   -4.44873e+00   2.60168e+00
   213   -4.52841e+00   2.10758e+00
   214   -4.78131e+00   1.49150e+00
   215   -4.71627e+00   1.60408e+00
   216   -4.43837e+00   2.44124e+00
   217   -4.61670e+00   1.77687e+00
   218   -4.51828e+00   1.97939e+00
   219   -4.39110e+00   2.74343e+00
   220   -4.42911e+00   2.31157e+00
   221   -4.41986e+00   2.18190e+00
   222   -4.60745e+00   1.64720e+00
   223   -4.50903e+00   1.84971e+00
   224   -4.33996e+00   2.64377e+00
   225   -4.65124e+00   1.49150e+00
   226   -4.33070e+00   2.51410e+00
   227   -4.41061e+00   2.05223e+00
   228   -4.32144e+00   2.38443e+00
   229   -4.49978e+00   1.72004e+00
   230   -4.40136e+00   1.92256e+00
   231   -4.31219e+00   2.25475e+00
   232   -4.26102e+00   2.74343e+00
   233   -4.30294e+00   2.12508e+00
   234   -4.23042e+00   2.60535e+00
   235   -4.48047e+00   1.60269e+00
   236   -4.39211e+00   1.79289e+00
   237   -4.52117e+00   1.49150e+00
   238   -4.21377e+00   2.45727e+00
   239   -4.29369e+00   1.99541e+00
   240   -4.20452e+00   2.32760e+00
   241   -4.38286e+00   1.66322e+00
   242   -4.19526e+00   2.19793e+00
   243   -4.28444e+00   1.86574e+00
   244   -4.13095e+00   2.74343e+00
   245   -4.18601e+00   2.06826e+00
   246   -4.10610e+00   2.53012e+00
   247   -4.39110e+00   1.49150e+00
   248   -4.27518e+00   1.73607e+00
   249   -4.09685e+00   2.40045e+00
   250   -4.17676e+00   1.93859e+00
   251   -4.08759e+00   2.27078e+00
   252   -4.26593e+00   1.60640e+00
   253   -4.07834e+00   2.14111e+00
   254   -4.16751e+00   1.80892e+00
   255   -4.00088e+00   2.74343e+00
   256   -3.99580e+00   2.62882e+00
   257   -3.98918e+00   2.47330e+00
   258   -4.26102e+00   1.49150e+00
   259   -4.06909e+00   2.01144e+00
   260   -4.15826e+00   1.67924e+00
   261   -3.97992e+00   2.34363e+00
   262   -4.05983e+00   1.88177e+00
   263   -3.97067e+00   2.21396e+00
   264   -3.96141e+00   2.08429e+00
   265   -4.05058e+00   1.75209e+00
   266   -3.87081e+00   2.74343e+00
   267   -3.87689e+00   2.53919e+00
   268   -4.13095e+00   1.49150e+00
   269   -3.95216e+00   1.95461e+00
   270   -3.86407e+00   2.40985e+00
   271   -4.05526e+00   1.61398e+00
   272   -3.84829e+00   2.27712e+00
   273   -3.94291e+00   1.82494e+00
   274   -3.85374e+00   2.15713e+00
   275   -3.77020e+00   2.61499e+00
   276   -3.84449e+00   2.02746e+00
   277   -3.75851e+00   2.48554e+00
   278   -3.74074e+00   2.74343e+00
   279   -4.00088e+00   1.49150e+00
   280   -3.93478e+00   1.65125e+00
   281   -3.74558e+00   2.35663e+00
   282   -3.83524e+00   1.89779e+00
   283   -3.72794e+00   2.22827e+00
   284   -3.82599e+00   1.76812e+00
   285   -3.73682e+00   2.10031e+00
   286   -3.65714e+00   2.59323e+00
   287   -3.72757e+00   1.97064e+00
   288   -3.64103e+00   2.43090e+00
   289   -3.87081e+00   1.49150e+00
   290   -3.61067e+00   2.74343e+00
   291   -3.62654e+00   2.30892e+00
   292   -3.79700e+00   1.61660e+00
   293   -3.71832e+00   1.84097e+00
   294   -3.62557e+00   2.17904e+00
   295   -3.62340e+00   2.04917e+00
   296   -3.70906e+00   1.71130e+00
   297   -3.54564e+00   2.63085e+00
   298   -3.53320e+00   2.50345e+00
   299   -3.61065e+00   1.91381e+00
   300   -3.52423e+00   2.37390e+00
   301   -3.74074e+00   1.49150e+00
   302   -3.69981e+00   1.58163e+00
   303   -3.48060e+00   2.74343e+00
   304   -3.51377e+00   2.24446e+00
   305   -3.60139e+00   1.78414e+00
   306   -3.51222e+00   2.11633e+00
   307   -3.50297e+00   1.98666e+00
   308   -3.42100e+00   2.60313e+00
   309   -3.59214e+00   1.65447e+00
   310   -3.41674e+00   2.44599e+00
   311   -3.40719e+00   2.31865e+00
   312   -3.49372e+00   1.85699e+00
   313   -3.61067e+00   1.49150e+00
   314   -3.40455e+00   2.18918e+00
   315   -3.35053e+00   2.74343e+00
   316   -3.48447e+00   1.72732e+00
   317   -3.39530e+00   2.05951e+00
   318   -3.31445e+00   2.64203e+00
   319   -3.30586e+00   2.51276e+00
   320   -3.38605e+00   1.92984e+00
   321   -3.30547e+00   2.38333e+00
   322   -3.47522e+00   1.59765e+00
   323   -3.29462e+00   2.25465e+00
   324   -3.48060e+00   1.49150e+00
   325   -3.37680e+00   1.80017e+00
   326   -3.30016e+00   2.12682e+00
   327   -3.22046e+00   2.74343e+00
   328   -3.36755e+00   1.67050e+00
   329   -3.27838e+00   2.00269e+00
   330   -3.19889e+00   2.58346e+00
   331   -3.21370e+00   2.32441e+00
   332   -3.19099e+00   2.43402e+00
   333   -3.26913e+00   1.87302e+00
   334   -3.19336e+00   2.19920e+00
   335   -3.35053e+00   1.49150e+00
   336   -3.18751e+00   2.07032e+00
   337   -3.25987e+00   1.74335e+00
   338   -3.09039e+00   2.74343e+00
   339   -3.25062e+00   1.61368e+00
   340   -3.16145e+00   1.94587e+00
   341   -3.07763e+00   2.32962e+00
   342   -3.05740e+00   2.59986e+00
   343   -3.15220e+00   1.81619e+00
   344   -3.04438e+00   2.47054e+00
   345   -3.07028e+00   2.16189e+00
   346   -3.22046e+00   1.49150e+00
   347   -3.07028e+00   2.02107e+00
   348   -3.13580e+00   1.67579e+00
   349   -2.96032e+00   2.74343e+00
   350   -3.05408e+00   1.88846e+00
   351   -2.94353e+00   2.55692e+00
   352   -2.92582e+00   2.41743e+00
   353   -2.96501e+00   2.09716e+00
   354   -3.03586e+00   1.75977e+00
   355   -2.92791e+00   2.25400e+00
   356   -3.09039e+00   1.49150e+00
   357   -2.95160e+00   1.96828e+00
   358   -2.85211e+00   2.61810e+00
   359   -3.00826e+00   1.61605e+00
   360   -2.93358e+00   1.83997e+00
   361   -2.83025e+00   2.74343e+00
   362   -2.82118e+00   2.49215e+00
   363   -2.85181e+00   2.15088e+00
   364   -2.80681e+00   2.36874e+00
   365   -2.84731e+00   2.04297e+00
   366   -2.91860e+00   1.70367e+00
   367   -2.96032e+00   1.49150e+00
   368   -2.83239e+00   1.92090e+00
   369   -2.77640e+00   2.24270e+00
   370   -2.90861e+00   1.57406e+00
   371   -2.72786e+00   2.58090e+00
   372   -2.81094e+00   1.79349e+00
   373   -2.70018e+00   2.74343e+00
   374   -2.74241e+00   2.11758e+00
   375   -2.69651e+00   2.45985e+00
   376   -2.68279e+00   2.33092e+00
   377   -2.72846e+00   1.99352e+00
   378   -2.83025e+00   1.49150e+00
   379   -2.78777e+00   1.61028e+00
   380   -2.62512e+00   2.65854e+00
   381   -2.71312e+00   1.87789e+00
   382   -2.65189e+00   2.21042e+00
   383   -2.61351e+00   2.53028e+00
   384   -2.64051e+00   2.08213e+00
   385   -2.57010e+00   2.74343e+00
   386   -2.68881e+00   1.74071e+00
   387   -2.57848e+00   2.40618e+00
   388   -2.57029e+00   2.27782e+00
   389   -2.60975e+00   1.95630e+00
   390   -2.52071e+00   2.62095e+00
   391   -2.70018e+00   1.49150e+00
   392   -2.66233e+00   1.60732e+00
   393   -2.53695e+00   2.15231e+00
   394   -2.59318e+00   1.82840e+00
   395   -2.48947e+00   2.49503e+00
   396   -2.51663e+00   2.04429e+00
   397   -2.47219e+00   2.37045e+00
   398   -2.56479e+00   1.70259e+00
   399   -2.44003e+00   2.74343e+00
   400   -2.44507e+00   2.24346e+00
   401   -2.49213e+00   1.90339e+00
   402   -2.39930e+00   2.59640e+00
   403   -2.57010e+00   1.49150e+00
   404   -2.47252e+00   1.79270e+00
   405   -2.41156e+00   2.12026e+00
   406   -2.36931e+00   2.44821e+00
   407   -2.39782e+00   1.99237e+00
   408   -2.34880e+00   2.32997e+00
   409   -2.45404e+00   1.63974e+00
   410   -2.30996e+00   2.74343e+00
   411   -2.32398e+00   2.20295e+00
   412   -2.36758e+00   1.86734e+00
   413   -2.44003e+00   1.49150e+00
   414   -2.26633e+00   2.52735e+00
   415   -2.29597e+00   2.06382e+00
   416   -2.35368e+00   1.74309e+00
   417   -2.24813e+00   2.40833e+00
   418   -2.27783e+00   1.95948e+00
   419   -2.22141e+00   2.28229e+00
   420   -2.32311e+00   1.61705e+00
   421   -2.17989e+00   2.74343e+00
   422   -2.26500e+00   1.83123e+00
   423   -2.20357e+00   2.15481e+00
   424   -2.16612e+00   2.63517e+00
   425   -2.30996e+00   1.49150e+00
   426   -2.14340e+00   2.48578e+00
   427   -2.17068e+00   2.03035e+00
   428   -2.22998e+00   1.70730e+00
   429   -2.11678e+00   2.35891e+00
   430   -2.16057e+00   1.90701e+00
   431   -2.10384e+00   2.22988e+00
   432   -2.04982e+00   2.74343e+00
   433   -2.14581e+00   1.78178e+00
   434   -2.04730e+00   2.56759e+00
   435   -2.08256e+00   2.12419e+00
   436   -2.07402e+00   1.99547e+00
   437   -2.17989e+00   1.49150e+00
   438   -2.02063e+00   2.44417e+00
   439   -2.00715e+00   2.31515e+00
   440   -2.10341e+00   1.63888e+00
   441   -2.05385e+00   1.86806e+00
   442   -1.98049e+00   2.19239e+00
   443   -1.94387e+00   2.64480e+00
   444   -1.93193e+00   2.51628e+00
   445   -1.96842e+00   2.06408e+00
   446   -2.02280e+00   1.74282e+00
   447   -1.91975e+00   2.74343e+00
   448   -1.95585e+00   1.95194e+00
   449   -1.90253e+00   2.39048e+00
   450   -2.04982e+00   1.49150e+00
   451   -1.89338e+00   2.26188e+00
   452   -1.99215e+00   1.61837e+00
   453   -1.93983e+00   1.81601e+00
   454   -1.85105e+00   2.61936e+00
   455   -1.86504e+00   2.13512e+00
   456   -1.91679e+00   1.71733e+00
   457   -1.80913e+00   2.47615e+00
   458   -1.84901e+00   2.02566e+00
   459   -1.78968e+00   2.74343e+00
   460   -1.79323e+00   2.35041e+00
   461   -1.83830e+00   1.89689e+00
   462   -1.91975e+00   1.49150e+00
   463   -1.76955e+00   2.22269e+00
   464   -1.81878e+00   1.76915e+00
   465   -1.71192e+00   2.59206e+00
   466   -1.74101e+00   2.09766e+00
   467   -1.81041e+00   1.64027e+00
   468   -1.68949e+00   2.42740e+00
   469   -1.73333e+00   1.96808e+00
   470   -1.65961e+00   2.74343e+00
   471   -1.67091e+00   2.30670e+00
   472   -1.71965e+00   1.85205e+00
   473   -1.78968e+00   1.49150e+00
   474   -1.64897e+00   2.17901e+00
   475   -1.60876e+00   2.63904e+00
   476   -1.70464e+00   1.71440e+00
   477   -1.63310e+00   2.05011e+00
   478   -1.59121e+00   2.51177e+00
   479   -1.56892e+00   2.38418e+00
   480   -1.67959e+00   1.58278e+00
   481   -1.61159e+00   1.92389e+00
   482   -1.52954e+00   2.74343e+00
   483   -1.54898e+00   2.26192e+00
   484   -1.60304e+00   1.79512e+00
   485   -1.65961e+00   1.49150e+00
   486   -1.52957e+00   2.12791e+00
   487   -1.49312e+00   2.59630e+00
   488   -1.58364e+00   1.66753e+00
   489   -1.51565e+00   1.99915e+00
   490   -1.47070e+00   2.46877e+00
   491   -1.44784e+00   2.34117e+00
   492   -1.49730e+00   1.86396e+00
   493   -1.42897e+00   2.21293e+00
   494   -1.39947e+00   2.74343e+00
   495   -1.48495e+00   1.75069e+00
   496   -1.52954e+00   1.49150e+00
   497   -1.41030e+00   2.07499e+00
   498   -1.37103e+00   2.55202e+00
   499   -1.47527e+00   1.61694e+00
   500   -1.34845e+00   2.42483e+00
   501   -1.39703e+00   1.94641e+00
   502   -1.31986e+00   2.27793e+00
   503   -1.37554e+00   1.81895e+00
   504   -1.37877e+00   1.68349e+00
   505   -1.30382e+00   2.14925e+00
   506   -1.27186e+00   2.63600e+00
   507   -1.26940e+00   2.74343e+00
   508   -1.39947e+00   1.49150e+00
   509   -1.29338e+00   2.01986e+00
   510   -1.24889e+00   2.50810e+00
   511   -1.27755e+00   1.90326e+00
   512   -1.21565e+00   2.35552e+00
   513   -1.27285e+00   1.77386e+00
   514   -1.20084e+00   2.22645e+00
   515   -1.27144e+00   1.62502e+00
   516   -1.19004e+00   2.09821e+00
   517   -1.13933e+00   2.74343e+00
   518   -1.13429e+00   2.60627e+00
   519   -1.26940e+00   1.49150e+00
   520   -1.17344e+00   1.97053e+00
   521   -1.12660e+00   2.46400e+00
   522   -1.16398e+00   1.84107e+00
   523   -1.08984e+00   2.30054e+00
   524   -1.15693e+00   1.71970e+00
   525   -1.08238e+00   2.17080e+00
   526   -1.15120e+00   1.59004e+00
   527   -1.07311e+00   2.04176e+00
   528   -1.00925e+00   2.74343e+00
   529   -1.00983e+00   2.54268e+00
   530   -1.13933e+00   1.49150e+00
   531   -1.05688e+00   1.91341e+00
   532   -1.00126e+00   2.36901e+00
   533   -1.04664e+00   1.78688e+00
   534   -9.73808e-01   2.24201e+00
   535   -1.04218e+00   1.66046e+00
   536   -9.66966e-01   2.11235e+00
   537   -9.55177e-01   1.99337e+00
   538   -9.48839e-01   1.86780e+00
   539   -8.84627e-01   2.62715e+00
   540   -8.79184e-01   2.74343e+00
   541   -8.84766e-01   2.45967e+00
   542   -1.00925e+00   1.49150e+00
   543   -8.77618e-01   2.32906e+00
   544   -9.42179e-01   1.73793e+00
   545   -8.64413e-01   2.19220e+00
   546   -9.39750e-01   1.61238e+00
   547   -8.46503e-01   2.06354e+00
   548   -8.39068e-01   1.93634e+00
   549   -7.75614e-01   2.53024e+00
   550   -8.33646e-01   1.80882e+00
   551   -7.69040e-01   2.40050e+00
   552   -8.79184e-01   1.49150e+00
   553   -7.49113e-01   2.74343e+00
   554   -7.61417e-01   2.27083e+00
   555   -8.23697e-01   1.64479e+00
   556   -7.44263e-01   2.14366e+00
   557   -7.37989e-01   2.01392e+00
   558   -7.30660e-01   1.88422e+00
   559   -6.71263e-01   2.61427e+00
   560   -6.60133e-01   2.47075e+00
   561   -6.53117e-01   2.34256e+00
   562   -7.19210e-01   1.75465e+00
   563   -7.49113e-01   1.49150e+00
   564   -6.41608e-01   2.21318e+00
   565   -6.19043e-01   2.74343e+00
   566   -7.02797e-01   1.61672e+00
   567   -6.28922e-01   2.08391e+00
   568   -6.22199e-01   1.95571e+00
   569   -5.52414e-01   2.58351e+00
   570   -6.11770e-01   1.82644e+00
   571   -5.42079e-01   2.41720e+00
   572   -5.35484e-01   2.28748e+00
   573   -6.02134e-01   1.69996e+00
   574   -5.23544e-01   2.15985e+00
   575   -6.19043e-01   1.49150e+00
   576   -4.88972e-01   2.74343e+00
   577   -5.17753e-01   2.03036e+00
   578   -5.05649e-01   1.90099e+00
   579   -4.39472e-01   2.48682e+00
   580   -4.34180e-01   2.62387e+00
   581   -4.93993e-01   1.77159e+00
   582   -4.26619e-01   2.35771e+00
   583   -4.21802e-01   2.22825e+00
   584   -4.92900e-01   1.62680e+00
   585   -4.09120e-01   2.09895e+00
   586   -4.88972e-01   1.49150e+00
   587   -3.58901e-01   2.74343e+00
   588   -3.99758e-01   1.97595e+00
   589   -3.31142e-01   2.56214e+00
   590   -3.87408e-01   1.84759e+00
   591   -3.21575e-01   2.43263e+00
   592   -3.80743e-01   1.71791e+00
   593   -3.12613e-01   2.30391e+00
   594   -3.03612e-01   2.17431e+00
   595   -3.72516e-01   1.58832e+00
   596   -2.90614e-01   2.04634e+00
   597   -3.58901e-01   1.49150e+00
   598   -2.84027e-01   1.91701e+00
   599   -2.28830e-01   2.74343e+00
   600   -2.25220e-01   2.63460e+00
   601   -2.14401e-01   2.50525e+00
   602   -2.72004e-01   1.78807e+00
   603   -2.06970e-01   2.37600e+00
   604   -1.96004e-01   2.24664e+00
   605   -2.64687e-01   1.66067e+00
   606   -1.88355e-01   2.11721e+00
   607   -1.76112e-01   1.98584e+00
   608   -2.28830e-01   1.49150e+00
   609   -1.67358e-01   1.86436e+00
   610   -1.08096e-01   2.57866e+00
   611   -9.87595e-02   2.74343e+00
   612   -1.00520e-01   2.44969e+00
   613   -1.62941e-01   1.73768e+00
   614   -8.97186e-02   2.32027e+00
   615   -1.60753e-01   1.61164e+00
   616   -8.15570e-02   2.19123e+00
   617   -7.07660e-02   2.06192e+00
   618   -1.05065e-02   2.63616e+00
   619   -5.74755e-02   1.93283e+00
   620    8.08117e-03   2.52078e+00
   621   -5.22620e-02   1.80506e+00
   622   -9.87595e-02   1.49150e+00
   623    1.67798e-02   2.39394e+00
   624    3.13113e-02   2.74343e+00
   625   -4.59790e-02   1.64373e+00
   626    2.55902e-02   2.26474e+00
   627    3.54773e-02   2.13518e+00
   628    4.71857e-02   2.00955e+00
   629    5.15725e-02   1.87970e+00
   630    1.14931e-01   2.59451e+00
   631    5.73455e-02   1.74924e+00
   632    1.24750e-01   2.46506e+00
   633    3.13113e-02   1.49150e+00
   634    1.33507e-01   2.33700e+00
   635    6.42059e-02   1.61946e+00
   636    1.61382e-01   2.74343e+00
   637    1.43599e-01   2.20731e+00
   638    1.52046e-01   2.07770e+00
   639    1.61688e-01   1.94817e+00
   640    1.66468e-01   1.81961e+00
   641    2.27884e-01   2.64619e+00
   642    2.32053e-01   2.53827e+00
   643    2.41450e-01   2.40871e+00
   644    1.73094e-01   1.69041e+00
   645    2.51885e-01   2.27919e+00
   646    1.61382e-01   1.49150e+00
   647    2.59893e-01   2.14946e+00
   648    2.91453e-01   2.74343e+00
   649    2.68818e-01   2.02161e+00
   650    2.72809e-01   1.89201e+00
   651    3.39603e-01   2.61129e+00
   652    2.80464e-01   1.76258e+00
   653    3.49040e-01   2.48164e+00
   654    3.64010e-01   2.34389e+00
   655    2.86603e-01   1.60542e+00
   656    3.70064e-01   2.21834e+00
   657    2.91453e-01   1.49150e+00
   658    3.74743e-01   2.08871e+00
   659    4.21524e-01   2.74343e+00
   660    3.82483e-01   1.95922e+00
   661    3.88073e-01   1.83491e+00
   662    4.55912e-01   2.55960e+00
   663    3.91699e-01   1.70505e+00
   664    4.72066e-01   2.41606e+00
   665    4.80629e-01   2.28658e+00
   666    4.84196e-01   2.15670e+00
   667    4.90197e-01   2.03150e+00
   668    4.21524e-01   1.49150e+00
   669    4.99069e-01   1.90187e+00
   670    5.51594e-01   2.74343e+00
   671    5.02178e-01   1.77339e+00
   672    5.72777e-01   2.61748e+00
   673    5.80464e-01   2.48771e+00
   674    5.88115e-01   2.35800e+00
   675    5.17009e-01   1.62738e+00
   676    5.92390e-01   2.22815e+00
   677    6.00699e-01   2.09979e+00
   678    6.04752e-01   1.97025e+00
   679    5.51594e-01   1.49150e+00
   680    6.13161e-01   1.84093e+00
   681    6.81665e-01   2.74343e+00
   682    6.16295e-01   1.71130e+00
   683    6.89005e-01   2.55925e+00
   684    6.81067e-01   2.29500e+00
   685    6.96678e-01   2.42948e+00
   686    6.18766e-01   1.59154e+00
   687    7.05499e-01   2.16689e+00
   688    7.14238e-01   2.03730e+00
   689    7.20173e-01   1.91403e+00
   690    6.81665e-01   1.49150e+00
   691    7.26378e-01   1.77982e+00
   692    8.10757e-01   2.62983e+00
   693    8.11736e-01   2.74343e+00
   694    7.35647e-01   1.62467e+00
   695    8.18526e-01   2.45534e+00
   696    8.22653e-01   2.29250e+00
   697    8.21918e-01   2.10930e+00
   698    8.31140e-01   1.98151e+00
   699    8.34304e-01   1.85206e+00
   700    8.43099e-01   1.72287e+00
   701    8.11736e-01   1.49150e+00
   702    9.21801e-01   2.53413e+00
   703    8.44805e-01   1.59342e+00
   704    9.41807e-01   2.74343e+00
   705    9.38533e-01   2.40562e+00
   706    9.32341e-01   2.17702e+00
   707    9.34155e-01   2.04750e+00
   708    9.65165e-01   2.29979e+00
   709    9.43961e-01   1.91796e+00
   710    9.49574e-01   1.79656e+00
   711    1.02375e+00   2.61332e+00
   712    9.55088e-01   1.66123e+00
   713    9.41807e-01   1.49150e+00
   714    1.04090e+00   2.48304e+00
   715    1.05892e+00   2.36113e+00
   716    1.07188e+00   2.74343e+00
   717    1.06130e+00   2.24579e+00
   718    1.05642e+00   2.13693e+00
   719    1.05111e+00   1.99095e+00
   720    1.06127e+00   1.86276e+00
   721    1.06302e+00   1.73340e+00
   722    1.14349e+00   2.59379e+00
   723    1.07180e+00   1.60433e+00
   724    1.16186e+00   2.43842e+00
   725    1.07188e+00   1.49150e+00
   726    1.16035e+00   2.06077e+00
   727    1.17901e+00   2.31475e+00
   728    1.17592e+00   2.18511e+00
   729    1.20195e+00   2.74343e+00
   730    1.16498e+00   1.93120e+00
   731    1.17308e+00   1.79768e+00
   732    1.17794e+00   1.67829e+00
   733    1.25109e+00   2.63188e+00
   734    1.25301e+00   2.50297e+00
   735    1.26901e+00   2.37434e+00
   736    1.20195e+00   1.49150e+00
   737    1.28914e+00   2.24630e+00
   738    1.27476e+00   2.00062e+00
   739    1.28785e+00   2.12159e+00
   740    1.28017e+00   1.87118e+00
   741    1.33202e+00   2.74343e+00
   742    1.29045e+00   1.74204e+00
   743    1.29061e+00   1.61483e+00
   744    1.37059e+00   2.58121e+00
   745    1.37188e+00   2.45128e+00
   746    1.38912e+00   2.32879e+00
   747    1.38553e+00   2.19913e+00
   748    1.38567e+00   2.06901e+00
   749    1.33202e+00   1.49150e+00
   750    1.38883e+00   1.93921e+00
   751    1.39626e+00   1.81679e+00
   752    1.46209e+00   2.74343e+00
   753    1.39960e+00   1.64728e+00
   754    1.47288e+00   2.65155e+00
   755    1.48364e+00   2.51716e+00
   756    1.48526e+00   2.38822e+00
   757    1.49910e+00   2.26001e+00
   758    1.49711e+00   2.13466e+00
   759    1.49936e+00   2.00734e+00
   760    1.50989e+00   1.87793e+00
   761    1.46209e+00   1.49150e+00
   762    1.50776e+00   1.75184e+00
   763    1.59216e+00   2.74343e+00
   764    1.51721e+00   1.61577e+00
   765    1.59441e+00   2.60487e+00
   766    1.59428e+00   2.45092e+00
   767    1.60100e+00   2.33904e+00
   768    1.59737e+00   2.20993e+00
   769    1.60331e+00   2.08090e+00
   770    1.61637e+00   1.95222e+00
   771    1.61046e+00   1.82503e+00
   772    1.59216e+00   1.49150e+00
   773    1.62445e+00   1.69675e+00
   774    1.70127e+00   2.52273e+00
   775    1.71167e+00   2.39779e+00
   776    1.72223e+00   2.74343e+00
   777    1.70943e+00   2.26885e+00
   778    1.71046e+00   2.15302e+00
   779    1.71974e+00   2.02356e+00
   780    1.71887e+00   1.89181e+00
   781    1.72404e+00   1.75752e+00
   782    1.72592e+00   1.60474e+00
   783    1.80639e+00   2.45440e+00
   784    1.72223e+00   1.49150e+00
   785    1.81821e+00   2.60861e+00
   786    1.82028e+00   2.32826e+00
   787    1.82364e+00   2.21618e+00
   788    1.82245e+00   2.08776e+00
   789    1.85230e+00   2.74343e+00
   790    1.83037e+00   1.95841e+00
   791    1.83251e+00   1.82894e+00
   792    1.83806e+00   1.67839e+00
   793    1.91066e+00   2.53140e+00
   794    1.91642e+00   2.65624e+00
   795    1.92574e+00   2.40382e+00
   796    1.85230e+00   1.49150e+00
   797    1.93883e+00   2.27557e+00
   798    1.93131e+00   2.14619e+00
   799    1.93780e+00   2.02869e+00
   800    1.98237e+00   2.74343e+00
   801    1.94267e+00   1.89397e+00
   802    1.94735e+00   1.77259e+00
   803    1.94626e+00   1.61505e+00
   804    2.01733e+00   2.60504e+00
   805    2.02645e+00   2.47574e+00
   806    2.04174e+00   2.34759e+00
   807    2.03652e+00   2.22210e+00
   808    1.98237e+00   1.49150e+00
   809    2.05003e+00   2.09386e+00
   810    2.05073e+00   1.96475e+00
   811    2.05927e+00   1.83836e+00
   812    2.11244e+00   2.74343e+00
   813    2.06058e+00   1.70910e+00
   814    2.13206e+00   2.55115e+00
   815    2.07017e+00   1.58019e+00
   816    2.14375e+00   2.42191e+00
   817    2.14336e+00   2.29570e+00
   818    2.15276e+00   2.16630e+00
   819    2.16063e+00   2.02725e+00
   820    2.11244e+00   1.49150e+00
   821    2.16577e+00   1.91232e+00
   822    2.17058e+00   1.77264e+00
   823    2.24251e+00   2.74343e+00
   824    2.24295e+00   2.63509e+00
   825    2.17608e+00   1.62215e+00
   826    2.24497e+00   2.47618e+00
   827    2.25890e+00   2.34701e+00
   828    2.26476e+00   2.23188e+00
   829    2.26593e+00   2.10276e+00
   830    2.27928e+00   1.97516e+00
   831    2.27742e+00   1.84624e+00
   832    2.24251e+00   1.49150e+00
   833    2.28814e+00   1.71776e+00
   834    2.35312e+00   2.55290e+00
   835    2.28813e+00   1.59233e+00
   836    2.36369e+00   2.42341e+00
   837    2.37259e+00   2.74343e+00
   838    2.37790e+00   2.29546e+00
   839    2.37563e+00   2.16570e+00
   840    2.38053e+00   2.04509e+00
   841    2.38801e+00   1.90589e+00
   842    2.39185e+00   1.79435e+00
   843    2.38741e+00   1.66899e+00
   844    2.37259e+00   1.49150e+00
   845    2.46016e+00   2.62664e+00
   846    2.47043e+00   2.49707e+00
   847    2.47976e+00   2.36772e+00
   848    2.48312e+00   2.23789e+00
   849    2.50266e+00   2.74343e+00
   850    2.49268e+00   2.11032e+00
   851    2.49354e+00   1.98136e+00
   852    2.50651e+00   1.85305e+00
   853    2.50224e+00   1.72796e+00
   854    2.49760e+00   1.60175e+00
   855    2.58187e+00   2.59635e+00
   856    2.50266e+00   1.49150e+00
   857    2.59461e+00   2.43469e+00
   858    2.59366e+00   2.30533e+00
   859    2.59500e+00   2.17585e+00
   860    2.60295e+00   2.04345e+00
   861    2.63273e+00   2.74343e+00
   862    2.60898e+00   1.93135e+00
   863    2.60320e+00   1.80193e+00
   864    2.60230e+00   1.67238e+00
   865    2.70591e+00   2.62952e+00
   866    2.70660e+00   2.49964e+00
   867    2.63273e+00   1.49150e+00
   868    2.70777e+00   2.37179e+00
   869    2.70517e+00   2.24414e+00
   870    2.70985e+00   2.11576e+00
   871    2.72043e+00   1.99002e+00
   872    2.71733e+00   1.86033e+00
   873    2.76280e+00   2.74343e+00
   874    2.71417e+00   1.73772e+00
   875    2.71044e+00   1.60803e+00
   876    2.82145e+00   2.59666e+00
   877    2.81983e+00   2.43675e+00
   878    2.82086e+00   2.30864e+00
   879    2.81606e+00   2.17929e+00
   880    2.81747e+00   2.04986e+00
   881    2.76280e+00   1.49150e+00
   882    2.83068e+00   1.92166e+00
   883    2.82913e+00   1.79621e+00
   884    2.82381e+00   1.63986e+00
   885    2.89287e+00   2.74343e+00
   886    2.92943e+00   2.49755e+00
   887    2.93272e+00   2.62634e+00
   888    2.92784e+00   2.36785e+00
   889    2.92943e+00   2.23816e+00
   890    2.92784e+00   2.11747e+00
   891    2.93272e+00   2.00038e+00
   892    2.92943e+00   1.87158e+00
   893    2.89287e+00   1.49150e+00
   894    2.92784e+00   1.74189e+00
   895    2.92943e+00   1.61219e+00
   896    3.02294e+00   2.74343e+00
   897    3.04043e+00   2.55564e+00
   898    3.04043e+00   2.43045e+00
   899    3.04043e+00   2.30525e+00
   900    3.04043e+00   2.18006e+00
   901    3.04043e+00   2.05487e+00
   902    3.04043e+00   1.92968e+00
   903    3.04043e+00   1.80448e+00
   904    3.04043e+00   1.67929e+00
   905    3.02294e+00   1.49150e+00
   906    3.15301e+00   2.74343e+00
   907    3.15301e+00   2.61824e+00
   908    3.15301e+00   2.49304e+00
   909    3.15301e+00   2.36785e+00
   910    3.15301e+00   2.24266e+00
   911    3.15301e+00   2.11747e+00
   912    3.15301e+00   1.99227e+00
   913    3.15301e+00   1.86708e+00
   914    3.15301e+00   1.74189e+00
   915    3.15301e+00   1.61669e+00
   916    3.15301e+00   1.49150e+00
3 1656
    1        1         2         3
    1       59        76        67
    1      910       909       899
    1       17        25        22
    1      914       913       903
    1        5        11         8
    1      916       915       905
    1      908       907       897
    1       34        45        41
    1      912       911       901
    1        2         5         4
    1       76        92        93
    1      909       908       898
    1       25        34        31
    1      913       912       902
    1       11        17        14
    1      915       914       904
    1      907       906       896
    1       45        59        54
    1      911       910       900
    1       67        76        93
    1        8        11        14
    1        8        14        13
    1        4         5         8
    1        4         8         9
    1       14        17        22
    1       14        22        20
    1       13        14        20
    1       13        20        21
    1        8        13         9
    1        9        13        15
    1        4         9         6
    1       21        20        28
    1       13        21        15
    1       15        21        24
    1        9        15        10
    1       24        21        30
    1       15        24        18
    1       22        25        31
    1       22        31        29
    1       29        31        38
    1       22        29        20
    1       20        29        28
    1       28        29        36
    1       41        45        54
    1       41        54        49
    1       49        54        63
    1       41        49        38
    1       38        49        47
    1       41        38        31
    1       41        31        34
    1       47        49        60
    1       38        47        36
    1       36        47        44
    1       38        36        29
    1       44        47        56
    1       36        44        35
    1       54        59        67
    1       54        67        63
    1       63        67        79
    1      899       909       898
    1      899       898       888
    1      888       898       886
    1      899       888       889
    1      897       907       896
    1      898       908       897
    1      898       897       886
    1      886       897       887
    1      904       914       903
    1      904       903       894
    1      894       903       892
    1      904       894       895
    1      903       913       902
    1      903       902       892
    1      892       902       891
    1      901       911       900
    1      901       900       890
    1      890       900       889
    1      889       900       899
    1      890       889       879
    1      899       900       910
    1      879       889       878
    1      890       879       880
    1      901       890       891
    1      891       890       880
    1      901       891       902
    1      891       880       882
    1      901       902       912
    1        2         4         3
    1      915       904       905
    1       28        36        35
    1       28        35        30
    1       30        35        39
    1       39        35        48
    1       30        39        32
    1       28        30        21
    1       63        79        78
    1      886       887       876
    1      892       891       882
    1      892       882       883
    1      883       882       872
    1      892       883       894
    1      894       883       884
    1      884       883       874
    1      894       884       895
    1      895       884       893
    1      872       882       871
    1      883       872       874
    1      874       872       863
    1      863       872       862
    1      874       863       864
    1       79        67        93
    1      887       897       896
    1      882       880       871
    1      871       880       870
    1      870       880       879
    1      871       870       860
    1      870       879       869
    1      869       879       878
    1      870       869       859
    1      884       874       875
    1      860       870       859
    1      871       860       862
    1      862       860       851
    1      871       862       872
    1      851       860       850
    1      862       851       852
    1      850       860       859
    1      850       859       848
    1      848       859       858
    1      850       848       839
    1      851       850       840
    1      852       851       841
    1      862       852       863
    1      863       852       853
    1      853       852       842
    1      863       853       864
    1      864       853       854
    1      854       853       843
    1      864       854       867
    1      842       852       841
    1      842       841       831
    1      831       841       830
    1      842       831       833
    1      853       842       843
    1      843       842       833
    1      843       833       835
    1      835       833       825
    1      843       835       844
    1      830       841       840
    1      830       840       829
    1      829       840       839
    1      839       840       850
    1      829       839       828
    1      830       829       819
    1      833       831       822
    1      835       825       832
    1      831       830       821
    1      825       833       822
    1      825       822       813
    1      813       822       811
    1      825       813       815
    1      854       843       844
    1      828       839       838
    1      829       828       818
    1       56        47        60
    1       56        60        71
    1       39        48        52
    1      813       811       802
    1       35        44        48
    1       48        44        57
    1       57        44        56
    1       57        56        70
    1       48        57        61
    1       70        56        71
    1       57        70        72
    1       70        71        86
    1       86        71        88
    1       70        86        85
    1       61        57        72
    1       61        72        75
    1       48        61        52
    1       52        61        66
    1       66        61        75
    1       66        75        81
    1       52        66        55
    1       81        75        91
    1       66        81        69
    1       55        66        69
    1       55        69        62
    1       62        69        77
    1       55        62        46
    1       91        75        87
    1       69        81        83
    1       52        55        42
    1       81        91        97
    1       72        70        85
    1       75        72        87
    1       87        72        85
    1       87        85       102
    1      102        85       101
    1       87       102       103
    1      101        85        86
    1      102       101       120
    1       87       103        91
    1       91       103       109
    1      109       103       121
    1       91       109        97
    1       97       109       112
    1      112       109       123
    1       97       112       104
    1      121       103       115
    1      109       121       123
    1      123       121       132
    1      132       121       137
    1      123       132       136
    1      112       123       128
    1      104       112       118
    1       97       104        83
    1       83       104        94
    1       94       104       110
    1       83        94        77
    1       83        77        69
    1       30        32        24
    1      825       815       820
    1      820       815       808
    1      808       815       803
    1      803       815       813
    1      808       803       796
    1       32        39        42
    1       42        39        52
    1       32        42        46
    1       46        42        55
    1      811       822       821
    1      103       102       115
    1      115       102       120
    1       60        49        63
    1       60        63        78
    1       46        62        53
    1      136       132       145
    1      878       889       888
    1      878       888       877
    1      877       888       886
    1      877       886       876
    1      878       877       868
    1      877       876       866
    1       60        78        71
    1       71        78        88
    1       88        78       100
    1       88       100       107
    1      123       136       128
    1      128       136       142
    1      142       136       151
    1      128       142       134
    1       86        88       107
    1       62        77        68
    1      874       864       875
    1      875       864       867
    1      819       829       818
    1      866       876       865
    1      848       858       847
    1      868       877       866
    1      868       866       857
    1      857       866       855
    1      868       857       858
    1      858       857       847
    1      858       859       869
    1      858       869       868
    1      868       869       878
    1      830       819       821
    1      821       819       810
    1      810       819       809
    1      821       810       811
    1      811       810       801
    1      809       819       818
    1      809       818       807
    1      807       818       817
    1      809       807       798
    1      810       809       799
    1      801       810       799
    1      811       801       802
    1      802       801       791
    1      791       801       790
    1      802       791       792
    1      790       801       799
    1      790       799       788
    1      791       790       780
    1      802       792       803
    1      792       791       781
    1      839       848       838
    1      838       848       847
    1      838       847       836
    1      836       847       846
    1      838       836       827
    1        6         9        10
    1        6        10         7
    1      904       895       905
    1      112       128       118
    1       18        24        26
    1       10        15        18
    1       10        18        16
    1       16        18        23
    1       10        16        12
    1       12        16        19
    1      841       851       840
    1      134       142       147
    1      846       847       857
    1      104       118       110
    1      110       118       125
    1      125       118       134
    1      110       125       119
    1      119       125       133
    1      110       119       105
    1      817       818       828
    1       83        81        97
    1      788       799       798
    1      798       799       809
    1      788       798       787
    1      787       798       797
    1      788       787       778
    1      797       798       807
    1      797       807       806
    1      806       807       817
    1      806       817       816
    1      797       806       795
    1      816       817       827
    1      806       816       805
    1      827       817       828
    1      827       828       838
    1      795       806       805
    1      795       805       793
    1      797       795       786
    1      805       816       814
    1      793       805       804
    1      795       793       783
    1      787       797       786
    1      787       786       777
    1      777       786       775
    1      787       777       778
    1      778       777       768
    1      768       777       767
    1      778       768       769
    1      775       786       783
    1      775       783       774
    1      783       786       795
    1      774       783       785
    1      775       774       766
    1      777       775       767
    1      767       775       766
    1      767       766       756
    1      756       766       755
    1      767       756       757
    1      774       785       776
    1      755       766       765
    1      756       755       745
    1      767       757       768
    1      768       757       758
    1      758       757       747
    1      768       758       769
    1      769       758       759
    1      759       758       748
    1      769       759       770
    1      747       757       746
    1      758       747       748
    1      785       783       793
    1      785       793       794
    1      794       793       804
    1      794       804       800
    1      794       800       789
    1      794       789       785
    1      766       774       765
    1      765       774       776
    1      757       756       746
    1      746       756       745
    1      746       745       735
    1      735       745       734
    1      746       735       737
    1      778       769       779
    1      759       748       750
    1      770       759       760
    1      769       770       779
    1      779       770       780
    1      780       770       771
    1      771       770       760
    1      771       760       762
    1      762       760       751
    1      771       762       773
    1      780       771       781
    1      751       760       750
    1      751       750       740
    1      740       750       738
    1      751       740       742
    1      762       751       753
    1      773       762       764
    1      771       773       781
    1      781       773       782
    1      782       773       772
    1      781       782       792
    1      792       782       796
    1      738       750       748
    1      740       738       730
    1      742       740       731
    1      751       742       753
    1      753       742       743
    1      743       742       732
    1      753       749       761
    1      732       742       731
    1      732       731       721
    1      743       732       736
    1      721       731       720
    1      732       721       723
    1      720       731       730
    1      720       730       719
    1      719       730       726
    1      720       719       709
    1      721       720       710
    1      723       721       712
    1      732       723       736
    1      788       778       779
    1      788       779       790
    1      790       779       780
    1      804       805       814
    1      804       814       812
    1      745       755       744
    1      755       765       754
    1      747       746       737
    1      747       737       739
    1      739       737       728
    1      747       739       748
    1      748       739       738
    1      738       739       726
    1      728       737       727
    1      739       728       726
    1      726       728       718
    1      738       726       730
    1      718       728       717
    1      726       718       719
    1      727       737       735
    1      727       735       724
    1      724       735       734
    1      724       734       722
    1      727       724       715
    1      722       734       733
    1      724       722       714
    1      715       724       714
    1      715       714       705
    1      705       714       702
    1      715       705       708
    1      727       715       717
    1      717       715       708
    1      727       717       728
    1      717       706       718
    1      733       734       744
    1      722       729       716
    1      714       722       711
    1      702       714       711
    1      702       711       704
    1      705       702       695
    1      708       705       696
    1      711       722       716
    1      734       745       744
    1      709       719       707
    1      822       831       821
    1      121       115       129
    1      827       836       826
    1        4         6         3
    1       78        95       100
    1      128       134       118
    1      836       846       834
    1      876       885       873
    1      884       875       881
    1      881       875       867
    1      720       709       710
    1      710       709       699
    1      699       709       698
    1      710       699       700
    1      698       709       707
    1      698       707       697
    1      697       707       706
    1      698       697       688
    1      699       698       689
    1      710       700       712
    1      712       700       703
    1      697       706       696
    1      698       688       689
    1      689       688       678
    1      678       688       677
    1      689       678       680
    1      703       700       694
    1      712       703       713
    1      700       699       691
    1      706       707       718
    1      688       697       687
    1      677       688       687
    1      677       687       676
    1      676       687       684
    1      677       676       666
    1      678       677       667
    1      689       680       691
    1      691       680       682
    1      676       684       674
    1      677       666       667
    1      667       666       658
    1      658       666       656
    1      667       658       660
    1      682       680       671
    1      656       666       665
    1      667       660       669
    1      691       682       694
    1      691       694       700
    1      694       682       686
    1      686       682       675
    1      694       686       690
    1      690       686       679
    1      679       686       675
    1      658       656       647
    1      680       678       669
    1      669       678       667
    1      680       669       671
    1      671       669       661
    1      661       669       660
    1      661       660       650
    1      650       660       649
    1      661       650       652
    1      671       661       663
    1      649       660       658
    1      649       658       647
    1      649       647       638
    1      638       647       637
    1      649       638       639
    1      650       649       639
    1      650       639       640
    1      640       639       629
    1      650       640       652
    1      652       640       644
    1      644       640       631
    1      652       644       655
    1      629       639       628
    1      640       629       631
    1      684       687       696
    1      666       676       665
    1      665       676       674
    1      665       674       664
    1      661       652       663
    1      663       652       655
    1      663       655       668
    1       94       110       105
    1       94       105        84
    1       84       105        96
    1       94        84        77
    1       96       105       113
    1       84        96        80
    1      119       133       126
    1      708       696       706
    1      708       706       717
    1      113       105       119
    1      113       119       126
    1      113       126       122
    1      122       126       135
    1      113       122       108
    1      135       126       141
    1      122       135       131
    1      108       122       117
    1      113       108        96
    1       96       108        90
    1       90       108       106
    1       96        90        80
    1       80        90        74
    1       74        90        89
    1       80        74        64
    1      106       108       117
    1      106       117       114
    1      114       117       127
    1      106       114        99
    1       89        90       106
    1       89       106        99
    1       89        99        82
    1      127       117       131
    1      127       131       140
    1      140       131       144
    1      127       140       138
    1       64        74        58
    1      114       127       124
    1       74        89        73
    1       80        64        68
    1       68        64        53
    1       99       114       116
    1      144       131       135
    1      144       135       148
    1      148       135       141
    1      148       141       154
    1      144       148       158
    1      154       141       146
    1      148       154       162
    1      140       144       152
    1      138       140       150
    1      127       138       124
    1      124       138       130
    1      124       130       116
    1      158       148       162
    1      158       162       170
    1      144       158       152
    1      152       158       165
    1      165       158       170
    1      165       170       177
    1      152       165       163
    1      177       170       180
    1      165       177       176
    1       58        74        73
    1       73        89        82
    1      162       154       167
    1      177       180       189
    1      146       141       133
    1      170       162       174
    1      152       163       150
    1      165       176       163
    1      163       176       171
    1      171       176       183
    1      163       171       159
    1       64        58        50
    1      176       177       188
    1      114       124       116
    1      154       146       160
    1      180       170       174
    1      180       174       187
    1      187       174       179
    1      180       187       193
    1      141       126       133
    1      122       131       117
    1      146       133       139
    1      171       183       182
    1      857       855       846
    1      760       759       750
    1      664       674       673
    1      866       865       855
    1      855       865       861
    1      731       740       730
    1      637       647       645
    1      187       179       190
    1      733       744       741
    1      665       664       654
    1      140       152       150
    1       68        77        84
    1      764       762       753
    1      703       694       701
    1      163       159       150
    1      150       159       149
    1      149       159       157
    1      149       157       143
    1      149       143       138
    1      150       149       138
    1      781       791       780
    1      675       682       671
    1      655       644       646
    1      133       125       139
    1      712       721       710
    1      638       637       627
    1      180       193       189
    1      189       193       200
    1      200       193       206
    1      189       200       198
    1      206       193       199
    1      200       206       213
    1      189       198       188
    1      198       200       210
    1      705       695       696
    1       46        53        40
    1      699       689       691
    1      159       171       169
    1      695       702       692
    1      644       631       635
    1      813       802       803
    1      687       697       696
    1      193       187       199
    1      199       187       190
    1      199       190       202
    1      814       816       826
    1      826       816       827
    1       84        80        68
    1       53        62        68
    1      773       764       772
    1      179       174       167
    1      179       167       172
    1      172       167       160
    1      179       172       185
    1      167       174       162
    1      172       160       166
    1      185       172       178
    1      179       185       190
    1      190       185       197
    1      197       185       191
    1      190       197       202
    1      202       197       209
    1      191       185       178
    1      191       178       186
    1      186       178       173
    1      191       186       203
    1      197       191       205
    1      173       178       166
    1      173       166       161
    1      166       178       172
    1      161       166       153
    1      173       161       168
    1      186       173       184
    1      161       153       147
    1      173       168       184
    1      153       166       160
    1      153       160       146
    1      153       146       139
    1      168       161       156
    1      865       876       873
    1      865       873       861
    1      639       638       628
    1      628       638       627
    1      628       627       617
    1      617       627       616
    1      628       617       619
    1      616       627       626
    1      617       616       606
    1      619       617       607
    1      628       619       629
    1      629       619       621
    1      621       619       609
    1      629       621       631
    1      631       621       625
    1      609       619       607
    1      609       607       598
    1      625       621       613
    1      631       625       635
    1      635       625       633
    1      598       607       596
    1      609       598       602
    1      621       609       613
    1      613       609       602
    1      613       602       605
    1      605       602       592
    1      613       605       615
    1      592       602       590
    1      605       592       595
    1      615       605       608
    1      613       615       625
    1      625       615       622
    1      622       615       608
    1      598       596       588
    1      596       607       606
    1      596       606       594
    1      594       606       604
    1      596       594       585
    1      602       598       590
    1      590       598       588
    1      590       588       578
    1      604       606       616
    1      604       616       614
    1      614       616       626
    1      604       614       603
    1      614       626       623
    1      623       626       634
    1      614       623       612
    1      585       594       583
    1      578       588       577
    1      594       604       593
    1      596       585       588
    1      588       585       577
    1      577       585       574
    1      574       585       583
    1      574       583       572
    1      572       583       582
    1      574       572       564
    1      582       583       593
    1      582       593       591
    1      591       593       603
    1      603       593       604
    1      591       603       601
    1      582       591       579
    1      572       582       571
    1      574       564       567
    1      591       601       589
    1      564       572       561
    1      601       603       612
    1      601       612       610
    1      612       603       614
    1      610       612       620
    1      601       610       600
    1      577       574       567
    1      577       567       568
    1      568       567       557
    1      577       568       578
    1      578       568       570
    1      557       567       556
    1      568       557       558
    1      578       570       581
    1      590       578       581
    1      570       568       558
    1      592       590       581
    1      592       581       584
    1      584       581       573
    1      592       584       595
    1      595       584       586
    1      573       581       570
    1      573       570       562
    1      562       570       558
    1      573       562       566
    1      584       573       575
    1      579       591       589
    1      589       601       600
    1      589       600       587
    1      566       562       555
    1      634       626       637
    1      571       582       579
    1      571       579       569
    1      569       579       580
    1      571       569       560
    1      580       579       589
    1      580       589       587
    1      569       576       565
    1      560       569       559
    1      571       560       561
    1      561       560       551
    1      551       560       549
    1      561       551       554
    1      549       560       559
    1      549       559       553
    1      551       549       541
    1      600       610       611
    1      554       551       543
    1      612       623       620
    1      620       623       632
    1      632       623       634
    1      620       632       630
    1      632       634       643
    1      643       634       645
    1      632       643       642
    1      630       632       642
    1      620       630       618
    1      642       643       653
    1      561       572       571
    1      573       566       575
    1      567       564       556
    1      556       564       554
    1      556       554       545
    1      545       554       543
    1      556       545       547
    1      547       545       536
    1      556       547       557
    1      557       547       548
    1      548       547       537
    1      557       548       558
    1      558       548       550
    1      537       547       536
    1      537       536       527
    1      550       548       538
    1      558       550       562
    1      562       550       555
    1      527       536       525
    1      537       527       531
    1      555       550       544
    1      548       537       538
    1      538       537       531
    1      538       531       533
    1      533       531       522
    1      538       533       544
    1      544       533       535
    1      535       533       524
    1      544       535       546
    1      524       533       522
    1      524       522       513
    1      513       522       511
    1      524       513       515
    1      535       524       526
    1      546       535       542
    1      544       546       555
    1      555       552       563
    1      522       531       520
    1      550       538       544
    1      527       525       516
    1      525       536       534
    1      531       527       520
    1      520       527       516
    1      520       516       509
    1      511       522       520
    1      511       520       509
    1      511       509       501
    1      501       509       497
    1      511       501       503
    1      497       509       505
    1      501       497       489
    1      503       501       492
    1      511       503       513
    1      513       503       504
    1      504       503       495
    1      513       504       515
    1      515       504       508
    1      495       503       492
    1      495       492       484
    1      484       492       481
    1      495       484       488
    1      504       495       499
    1      481       492       489
    1      481       489       477
    1      477       489       486
    1      481       477       469
    1      484       481       472
    1      488       484       476
    1      495       488       499
    1      499       488       496
    1      524       515       526
    1      526       515       519
    1      477       486       474
    1      481       469       472
    1      472       469       461
    1      461       469       458
    1      472       461       464
    1      458       469       466
    1      461       458       448
    1      464       461       453
    1      472       464       476
    1      476       464       467
    1      467       464       456
    1      476       467       480
    1      486       489       497
    1      469       477       466
    1      466       477       474
    1      466       474       463
    1      463       474       471
    1      466       463       455
    1      471       474       483
    1      463       471       460
    1      455       463       451
    1      466       455       458
    1      458       455       445
    1      445       455       442
    1      458       445       448
    1      448       445       436
    1      436       445       435
    1      448       436       441
    1      442       455       451
    1      442       451       439
    1      439       451       449
    1      442       439       431
    1      445       442       435
    1      435       442       431
    1      435       431       423
    1      423       431       419
    1      435       423       427
    1      419       431       429
    1      423       419       411
    1      427       423       415
    1      435       427       436
    1      436       427       430
    1      430       427       418
    1      436       430       441
    1      441       430       433
    1      433       430       422
    1      441       433       446
    1      418       427       415
    1      418       415       407
    1      407       415       405
    1      418       407       412
    1      430       418       422
    1      405       415       411
    1      405       411       400
    1      400       411       408
    1      405       400       393
    1      407       405       396
    1      412       407       401
    1      418       412       422
    1      422       412       416
    1      416       412       404
    1      422       416       428
    1      404       412       401
    1      404       401       394
    1      394       401       389
    1      404       394       398
    1      416       404       409
    1      428       416       420
    1      422       428       433
    1      433       428       440
    1      440       428       437
    1      433       440       446
    1      446       440       452
    1      452       440       450
    1      446       452       456
    1      456       452       467
    1      446       456       453
    1      446       453       441
    1      453       456       464
    1      441       453       448
    1      439       449       438
    1      389       401       396
    1      389       396       384
    1      394       389       381
    1      404       398       409
    1      409       398       403
    1      449       451       460
    1      449       460       457
    1      457       460       468
    1      449       457       444
    1      431       439       429
    1      429       439       438
    1      429       438       426
    1      398       394       386
    1      468       460       471
    1      468       471       479
    1      479       471       483
    1      479       483       491
    1      468       479       478
    1      491       483       493
    1      479       491       490
    1      457       468       465
    1      444       457       454
    1      449       444       438
    1      438       444       434
    1      434       444       443
    1      438       434       426
    1      426       434       424
    1      443       444       454
    1      443       454       447
    1      434       443       432
    1      424       434       432
    1      426       424       414
    1      408       411       419
    1      400       408       397
    1      393       400       388
    1      405       393       396
    1      396       393       384
    1      384       393       382
    1      382       393       388
    1      382       388       376
    1      376       388       387
    1      382       376       369
    1      387       388       397
    1      387       397       395
    1      395       397       406
    1      387       395       383
    1      376       387       375
    1      369       376       364
    1      382       369       374
    1      384       382       374
    1      384       374       377
    1      377       374       365
    1      384       377       389
    1      389       377       381
    1      381       377       368
    1      368       377       365
    1      381       368       372
    1      368       365       357
    1      357       365       353
    1      368       357       360
    1      365       374       363
    1      406       397       408
    1      406       408       417
    1      417       408       419
    1      406       417       414
    1      414       417       426
    1      395       406       402
    1      383       395       390
    1      387       383       375
    1      375       383       371
    1      371       383       380
    1      375       371       362
    1      380       383       390
    1      380       390       385
    1      380       385       373
    1      380       373       371
    1      362       371       358
    1      375       362       364
    1      364       362       352
    1      352       362       351
    1      364       352       355
    1      417       419       429
    1      372       368       360
    1      381       372       386
    1      478       479       490
    1      478       490       487
    1      353       365       363
    1      353       363       355
    1      355       363       369
    1      369       363       374
    1      360       357       350
    1      487       490       498
    1      468       478       465
    1      465       478       475
    1      475       478       487
    1      475       487       482
    1      465       470       459
    1      357       353       347
    1      509       516       505
    1      505       516       514
    1      514       516       525
    1      505       514       502
    1      364       355       369
    1      502       514       512
    1      407       396       401
    1      505       502       493
    1      493       502       491
    1      420       416       409
    1      376       375       364
    1      362       358       351
    1      351       358       349
    1      415       423       411
    1      398       386       392
    1      395       402       390
    1      358       371       361
    1      429       426       417
    1      352       351       344
    1      504       499       508
    1      394       381       386
    1      402       406       414
    1      428       420       437
    1      490       491       500
    1      493       483       486
    1      355       352       341
    1      534       536       545
    1      534       545       543
    1      534       543       532
    1      453       461       448
    1      388       400       397
    1      474       486       483
    1      347       353       345
    1      357       347       350
    1      480       467       473
    1      414       424       410
    1      535       526       542
    1      476       484       472
    1      498       490       500
    1      498       500       510
    1      510       500       512
    1      498       510       506
    1      497       505       493
    1      457       465       454
    1      501       489       492
    1      463       460       451
    1      605       595       608
    1      360       350       354
    1      561       554       564
    1      525       534       523
    1      476       480       488
    1      487       498       494
    1      610       620       618
    1      610       618       611
    1      723       712       713
    1      183       176       188
    1      183       188       196
    1      196       188       198
    1      183       196       192
    1       26        24        32
    1      198       210       208
    1      618       630       624
    1      208       210       220
    1      198       208       196
    1      220       210       221
    1      208       220       216
    1      221       210       213
    1      220       221       231
    1      216       220       228
    1      231       221       233
    1      220       231       228
    1      233       221       227
    1      228       231       240
    1      227       221       213
    1      233       227       239
    1      240       231       242
    1      239       227       230
    1      233       239       245
    1      242       231       233
    1      230       227       218
    1      245       239       250
    1      242       233       245
    1      218       227       213
    1      218       213       206
    1      250       239       243
    1      243       239       230
    1      250       243       254
    1      243       230       236
    1      254       243       248
    1      236       230       223
    1      248       243       236
    1      254       248       260
    1      223       230       218
    1      248       236       241
    1      260       248       252
    1      223       218       211
    1      241       236       229
    1      252       248       241
    1      211       218       206
    1      229       236       223
    1      241       229       235
    1      229       223       217
    1      235       229       222
    1      241       235       247
    1      217       223       211
    1      222       229       217
    1      235       222       237
    1      217       211       202
    1      627       637       626
    1      607       617       606
    1      498       506       494
    1      754       765       763
    1      209       197       205
    1      352       344       341
    1      199       202       211
    1      228       240       238
    1      238       240       249
    1      228       238       226
    1      249       240       251
    1      238       249       246
    1      228       226       216
    1      249       251       261
    1      246       249       257
    1      216       226       212
    1      261       251       263
    1      257       249       261
    1      216       212       204
    1      263       251       253
    1      204       212       201
    1      216       204       208
    1      253       251       242
    1      201       212       207
    1      201       207       195
    1      208       204       196
    1      196       204       192
    1      253       242       245
    1      253       245       259
    1      259       245       250
    1      259       250       262
    1      262       250       254
    1      259       262       269
    1      262       254       265
    1      269       262       273
    1      259       269       264
    1      265       254       260
    1      273       262       265
    1      264       269       276
    1      273       265       280
    1      276       269       282
    1      264       276       274
    1      280       265       271
    1      282       269       273
    1      274       276       285
    1      271       265       260
    1      282       273       284
    1      285       276       287
    1      271       260       268
    1      284       273       280
    1      287       276       282
    1      284       280       292
    1      287       282       293
    1      292       280       289
    1      284       292       296
    1      293       282       284
    1      296       292       302
    1      284       296       293
    1      302       292       301
    1      293       296       305
    1      305       296       309
    1      293       305       299
    1      309       296       302
    1      305       309       316
    1      299       305       312
    1      316       309       322
    1      305       316       312
    1      322       309       313
    1      316       322       328
    1      312       316       325
    1      328       322       335
    1      316       328       325
    1      312       325       320
    1      325       328       337
    1      320       325       333
    1      312       320       307
    1      337       328       339
    1      325       337       333
    1      307       320       317
    1      339       328       335
    1      333       337       343
    1      317       320       329
    1      307       317       306
    1      343       337       348
    1      333       343       340
    1      329       320       333
    1      306       317       314
    1      348       337       339
    1      340       343       350
    1      350       343       354
    1      340       350       347
    1      340       347       336
    1      336       347       345
    1      340       336       329
    1      329       336       326
    1      326       336       334
    1      329       326       317
    1      317       326       314
    1      314       326       323
    1      323       326       334
    1      323       334       331
    1      331       334       341
    1      323       331       321
    1      314       323       311
    1      334       336       345
    1      334       345       341
    1      321       331       332
    1      323       321       311
    1      311       321       310
    1      310       321       319
    1      311       310       300
    1      354       343       348
    1      310       319       308
    1      311       300       304
    1      319       321       332
    1      319       332       330
    1      330       332       344
    1      319       330       318
    1      300       310       298
    1      314       311       304
    1      314       304       306
    1      306       304       294
    1      318       330       327
    1      319       318       308
    1      308       315       303
    1      294       304       291
    1      306       294       295
    1      354       348       359
    1      332       331       341
    1      300       298       288
    1      306       295       307
    1      304       300       291
    1      291       300       288
    1      291       288       281
    1      281       288       277
    1      291       281       283
    1      277       288       286
    1      281       277       270
    1      283       281       272
    1      291       283       294
    1      294       283       285
    1      285       283       274
    1      286       288       298
    1      277       286       275
    1      272       281       270
    1      270       277       267
    1      310       308       298
    1      295       294       285
    1      295       285       287
    1      283       272       274
    1      274       272       263
    1      329       333       340
    1      348       339       356
    1      359       348       356
    1      354       359       366
    1      366       359       370
    1      354       366       360
    1      370       359       367
    1      370       367       378
    1      370       378       379
    1      379       378       391
    1      370       379       366
    1      212       226       224
    1      224       226       234
    1      212       219       207
    1      234       226       238
    1      224       234       232
    1      224       232       219
    1      224       219       212
    1      234       238       246
    1      234       246       244
    1      257       261       270
    1      204       201       192
    1      192       201       195
    1      261       263       272
    1      251       240       242
    1      246       257       256
    1      256       257       267
    1      246       256       244
    1      293       299       287
    1      287       299       295
    1      147       142       156
    1      147       156       161
    1      673       674       685
    1      685       674       684
    1      673       685       683
    1      683       685       695
    1      695       685       696
    1      673       683       672
    1      672       683       681
    1      673       672       662
    1      662       672       659
    1      673       662       664
    1      502       512       500
    1      270       267       257
    1      671       663       675
    1      695       692       683
    1      683       692       681
    1      525       523       514
    1       50        58        43
    1       43        58        51
    1       50        43        33
    1       33        43        37
    1       50        33        40
    1       40        33        26
    1      355       341       345
    1      206       199       211
    1      543       551       541
    1      264       274       263
    1      264       263       253
    1      264       253       259
    1       23        18        26
    1       23        26        33
    1      182       183       192
    1      182       192       195
    1      653       643       654
    1      312       307       299
    1      299       307       295
    1      167       154       160
    1       46        40        32
    1      836       834       826
    1      594       593       583
    1      506       510       518
    1      518       510       521
    1      506       518       517
    1      521       510       512
    1      518       521       529
    1      529       521       532
    1      518       529       528
    1      654       664       653
    1      541       549       539
    1      539       549       553
    1      541       539       529
    1      744       755       754
    1      645       647       656
    1      398       392       403
    1      644       635       646
    1      200       213       210
    1      345       353       355
    1      188       177       189
    1      643       645       654
    1      654       645       656
    1      654       656       665
    1      260       252       268
    1       40        53        50
    1       50        53        64
    1      275       286       278
    1      267       277       275
    1      202       209       217
    1      500       491       502
    1      559       569       565
    1      134       147       139
    1      392       386       379
    1      392       379       391
    1      392       391       403
    1      512       514       523
    1      309       302       313
    1      313       302       301
    1      301       292       289
    1      834       846       845
    1      845       846       855
    1      834       845       837
    1      534       532       523
    1      523       532       521
    1      280       279       289
    1      532       543       541
    1      222       217       209
    1       16        23        19
    1      171       182       169
    1      642       653       651
    1      651       653       662
    1      642       651       641
    1      641       651       648
    1      641       648       636
    1      641       636       630
    1      642       641       630
    1      692       702       704
    1      168       156       164
    1      707       719       718
    1      205       191       203
    1      344       351       342
    1      342       351       349
    1      344       342       330
    1      637       645       634
    1      252       241       247
    1      566       555       563
    1      143       130       138
    1      528       517       518
    1      247       258       252
    1      252       258       268
    1      716       704       711
    1      338       327       330
    1      425       437       420
    1      425       420       413
    1      812       800       804
    1       27        19        23
    1      701       713       703
    1      701       694       690
    1      432       421       424
    1      335       346       339
    1      339       346       356
    1      624       611       618
    1      624       630       636
    1      164       175       168
    1      168       175       184
    1      893       905       895
    1      893       884       881
    1      244       232       234
    1      519       530       526
    1      526       530       542
    1      861       849       855
    1       82        65        73
    1      657       668       655
    1      482       470       475
    1      475       470       465
    1      670       659       672
    1      670       672       681
    1      129       137       121
    1      132       137       145
    1      844       856       854
    1      854       856       867
    1      290       278       286
    1      473       485       480
    1      480       496       488
    1      763       752       754
    1      754       752       741
    1      749       753       743
    1      749       743       736
    1      576       569       580
    1      195       181       182
    1      203       214       205
    1      563       575       566
    1      885       876       887
    1      885       887       896
    1      116        98        99
    1       99        98        82
    1      633       646       635
    1      507       494       506
    1      507       506       517
    1      268       279       271
    1      693       681       692
    1      111       120       101
    1      111       101       107
    1      820       832       825
    1      835       832       844
    1      315       308       318
    1      315       318       327
    1      450       462       452
    1      789       776       785
    1       12         7        10
    1        6         7         3
    1      725       736       723
    1      725       723       713
    1      410       399       402
    1      356       367       359
    1      599       587       600
    1      599       600       611
    1      184       194       186
    1      542       552       546
    1      546       552       555
    1      837       824       834
    1       51        37        43
    1      459       447       454
    1      443       447       432
    1      313       324       322
    1      322       324       335
    1      145       155       136
    1      266       255       256
    1      496       508       499
    1      741       729       733
    1      733       729       722
    1       93        95        79
    1       79        95        78
    1      772       784       782
    1      361       349       358
    1      361       371       373
    1      403       413       409
    1      553       540       539
    1      169       157       159
    1      225       237       222
    1      235       237       247
    1      586       597       595
    1      595       597       608
    1      622       633       625
    1      704       693       692
    1      437       450       440
    1      421       410       424
    1      664       662       653
    1      849       837       845
    1      849       845       855
    1       65        51        58
    1      668       679       675
    1      659       648       651
    1      278       266       275
    1      485       496       480
    1      761       772       764
    1      565       553       559
    1      181       169       182
    1      214       225       215
    1      215       225       222
    1      215       222       209
    1      215       209       205
    1      215       205       214
    1      575       586       584
    1      646       657       655
    1      494       482       487
    1      279       280       271
    1      120       129       115
    1      303       290       297
    1      297       290       286
    1      297       286       298
    1      297       298       308
    1      303       297       308
    1      462       473       467
    1      776       763       765
    1      399       385       390
    1      587       576       580
    1      194       203       186
    1      823       812       824
    1       37        27        33
    1       33        27        23
    1      155       164       151
    1      151       164       156
    1      151       156       142
    1      151       136       155
    1      255       244       256
    1      508       519       515
    1      784       796       782
    1      349       338       342
    1      540       528       539
    1      486       497       493
    1      267       275       266
    1      372       360       366
    1      153       139       147
    1      402       414       410
    1      744       754       741
    1      826       834       824
    1      824       837       823
    1      826       824       814
    1      814       824       812
    1       73        65        58
    1      341       344       332
    1      101        86       107
    1      386       372       379
    1      685       684       696
    1      272       270       261
    1      139       125       134
    1      675       663       668
    1       26        32        40
    1      803       792       796
    1      454       465       459
    1      256       267       266
    1      512       523       521
    1      764       753       761
    1      390       402       399
    1      372       366       379
    1      651       662       659
    1      420       409       413
    1      529       539       528
    1      330       342       338
    1      452       462       467
    1      532       541       529
2 10
    1        1         2
    1       59        76
    1       17        25
    1        5        11
    1       34        45
    1        2         5
    1       76        92
    1       25        34
    1       11        17
    1       45        59
2 77
    2        3         1
    2      906       896
    2       19        12
    2      800       789
    2      729       716
    2      885       873
    2      130       116
    2      157       143
    2      873       861
    2      576       565
    2      385       373
    2      470       459
    2      207       195
    2      315       303
    2      219       207
    2      232       219
    2      648       636
    2      143       130
    2      528       517
    2      716       704
    2      338       327
    2      812       800
    2       27        19
    2      432       421
    2      624       611
    2      636       624
    2      244       232
    2      861       849
    2       82        65
    2      482       470
    2      670       659
    2      681       670
    2      290       278
    2      763       752
    2      752       741
    2      195       181
    2      896       885
    2      116        98
    2       98        82
    2      507       494
    2      517       507
    2      693       681
    2      327       315
    2      789       776
    2       12         7
    2        7         3
    2      410       399
    2      599       587
    2      611       599
    2       51        37
    2      459       447
    2      447       432
    2      266       255
    2      741       729
    2      361       349
    2      373       361
    2      553       540
    2      169       157
    2      704       693
    2      421       410
    2      849       837
    2       65        51
    2      659       648
    2      278       266
    2      565       553
    2      181       169
    2      494       482
    2      303       290
    2      776       763
    2      399       385
    2      587       576
    2      823       812
    2       37        27
    2      255       244
    2      349       338
    2      540       528
    2      837       823



