2
975 1766 1 97 2
     1    0.00000e+00   0.00000e+00
     2    3.44828e-01   0.00000e+00
     3    0.00000e+00   3.44828e-01
     4    5.17241e-01   3.03109e-01
     5    2.84289e-01   5.76118e-01
     6    6.89655e-01   0.00000e+00
     7    0.00000e+00   6.89655e-01
     8    6.01096e-01   6.80929e-01
     9    8.62069e-01   3.03109e-01
    10    3.03109e-01   8.62069e-01
    11    0.00000e+00   1.03448e+00
    12    1.03448e+00   0.00000e+00
    13    1.02307e+00   5.98036e-01
    14    6.04529e-01   1.02964e+00
    15    9.05907e-01   8.52299e-01
    16    1.20690e+00   3.03109e-01
    17    3.03109e-01   1.20690e+00
    18    1.37931e+00   0.00000e+00
    19    0.00000e+00   1.37931e+00
    20    8.90972e-01   1.19844e+00
    21    1.37058e+00   6.01096e-01
    22    1.19416e+00   9.02663e-01
    23    6.06218e-01   1.37931e+00
    24    1.55172e+00   3.03109e-01
    25    3.03109e-01   1.55172e+00
    26    1.72414e+00   0.00000e+00
    27    0.00000e+00   1.72414e+00
    28    1.54056e+00   9.03249e-01
    29    9.02732e-01   1.54750e+00
    30    1.27335e+00   1.29192e+00
    31    1.71929e+00   6.04529e-01
    32    6.04529e-01   1.72899e+00
    33    1.89655e+00   3.03109e-01
    34    3.03109e-01   1.89655e+00
    35    0.00000e+00   2.06897e+00
    36    2.06897e+00   0.00000e+00
    37    1.19786e+00   1.71208e+00
    38    1.88866e+00   9.02071e-01
    39    1.68617e+00   1.24088e+00
    40    9.07638e-01   1.89655e+00
    41    1.50100e+00   1.53862e+00
    42    6.04529e-01   2.06412e+00
    43    2.06897e+00   6.06218e-01
    44    2.24138e+00   3.03109e-01
    45    3.03109e-01   2.24138e+00
    46    1.19074e+00   2.05589e+00
    47    2.06557e+00   1.20305e+00
    48    2.23510e+00   8.97854e-01
    49    1.49735e+00   1.89025e+00
    50    2.41379e+00   0.00000e+00
    51    0.00000e+00   2.41379e+00
    52    9.02732e-01   2.24561e+00
    53    1.84369e+00   1.61136e+00
    54    6.06218e-01   2.41379e+00
    55    2.41864e+00   6.04529e-01
    56    2.58621e+00   3.03109e-01
    57    3.03109e-01   2.58621e+00
    58    1.19290e+00   2.40077e+00
    59    1.49493e+00   2.22643e+00
    60    2.22572e+00   1.49714e+00
    61    2.40966e+00   1.20008e+00
    62    2.58111e+00   8.96086e-01
    63    1.79924e+00   2.06052e+00
    64    9.04800e-01   2.58637e+00
    65    0.00000e+00   2.75862e+00
    66    2.75862e+00   0.00000e+00
    67    2.10132e+00   1.88418e+00
    68    6.04529e-01   2.76347e+00
    69    2.76735e+00   6.01096e-01
    70    2.93103e+00   3.03109e-01
    71    3.03109e-01   2.93103e+00
    72    1.49119e+00   2.58038e+00
    73    2.57501e+00   1.50580e+00
    74    1.18349e+00   2.74335e+00
    75    2.74981e+00   1.20538e+00
    76    2.39986e+00   1.80767e+00
    77    1.80887e+00   2.41284e+00
    78    2.92983e+00   9.05905e-01
    79    9.03171e-01   2.93497e+00
    80    2.17111e+00   2.19117e+00
    81    0.00000e+00   3.10345e+00
    82    3.10345e+00   0.00000e+00
    83    5.95811e-01   3.09032e+00
    84    3.09860e+00   6.04529e-01
    85    1.48030e+00   2.92392e+00
    86    3.27586e+00   3.03109e-01
    87    3.03109e-01   3.27586e+00
    88    2.92440e+00   1.50803e+00
    89    1.78870e+00   2.76176e+00
    90    2.74957e+00   1.81075e+00
    91    1.17128e+00   3.08269e+00
    92    3.09920e+00   1.20952e+00
    93    2.57286e+00   2.11161e+00
    94    2.10000e+00   2.60621e+00
    95    3.27039e+00   9.06927e-01
    96    8.86216e-01   3.28317e+00
    97    2.41559e+00   2.45516e+00
    98    0.00000e+00   3.44828e+00
    99    3.44828e+00   0.00000e+00
   100    5.98036e-01   3.43687e+00
   101    3.44828e+00   6.06218e-01
   102    1.75311e+00   3.07623e+00
   103    1.46431e+00   3.27291e+00
   104    3.09915e+00   1.80932e+00
   105    3.26753e+00   1.50442e+00
   106    2.92178e+00   2.11045e+00
   107    2.07209e+00   2.95308e+00
   108    1.19716e+00   3.43023e+00
   109    3.62069e+00   3.03109e-01
   110    3.03109e-01   3.62069e+00
   111    3.44862e+00   1.20747e+00
   112    2.74833e+00   2.41414e+00
   113    9.02663e-01   3.60795e+00
   114    3.61977e+00   9.08478e-01
   115    2.38823e+00   2.86996e+00
   116    0.00000e+00   3.79310e+00
   117    3.79310e+00   0.00000e+00
   118    2.00759e+00   3.24089e+00
   119    6.01096e-01   3.78438e+00
   120    3.78826e+00   6.04529e-01
   121    1.77700e+00   3.42482e+00
   122    3.44083e+00   1.80788e+00
   123    1.48454e+00   3.61276e+00
   124    3.61534e+00   1.50511e+00
   125    3.09544e+00   2.41419e+00
   126    3.27269e+00   2.17158e+00
   127    2.73207e+00   2.83068e+00
   128    2.34685e+00   3.16909e+00
   129    1.20652e+00   3.77861e+00
   130    3.03109e-01   3.96552e+00
   131    3.96552e+00   3.03109e-01
   132    3.79258e+00   1.20461e+00
   133    9.06168e-01   3.95756e+00
   134    3.96912e+00   9.03455e-01
   135    0.00000e+00   4.13793e+00
   136    4.13793e+00   0.00000e+00
   137    2.08890e+00   3.58124e+00
   138    2.66275e+00   3.20555e+00
   139    1.79545e+00   3.77002e+00
   140    6.04529e-01   4.13308e+00
   141    4.13793e+00   6.06218e-01
   142    3.12388e+00   2.78718e+00
   143    1.50082e+00   3.95599e+00
   144    3.96422e+00   1.50448e+00
   145    3.36898e+00   2.57982e+00
   146    3.82731e+00   1.83936e+00
   147    2.49090e+00   3.46920e+00
   148    1.19720e+00   4.12690e+00
   149    4.14166e+00   1.20372e+00
   150    2.98240e+00   3.11860e+00
   151    3.03109e-01   4.31034e+00
   152    4.31034e+00   3.03109e-01
   153    3.70996e+00   2.30780e+00
   154    4.30407e+00   8.97854e-01
   155    8.99244e-01   4.30422e+00
   156    2.41256e+00   3.74936e+00
   157    2.10616e+00   3.93055e+00
   158    0.00000e+00   4.48276e+00
   159    4.48276e+00   0.00000e+00
   160    3.48252e+00   2.83792e+00
   161    1.80992e+00   4.11932e+00
   162    3.36998e+00   2.99300e+00
   163    3.24282e+00   3.14271e+00
   164    4.13838e+00   1.80784e+00
   165    3.62243e+00   2.70340e+00
   166    6.06218e-01   4.48276e+00
   167    4.48761e+00   6.04529e-01
   168    2.72820e+00   3.63757e+00
   169    2.98781e+00   3.43512e+00
   170    1.49769e+00   4.30558e+00
   171    3.14507e+00   3.31038e+00
   172    4.31342e+00   1.50499e+00
   173    3.80663e+00   2.58998e+00
   174    1.20323e+00   4.47603e+00
   175    4.47862e+00   1.20008e+00
   176    4.14882e+00   2.12931e+00
   177    3.03109e-01   4.65517e+00
   178    4.65517e+00   3.03109e-01
   179    3.93695e+00   2.51020e+00
   180    3.55513e+00   3.02891e+00
   181    3.44554e+00   3.16825e+00
   182    3.67710e+00   2.90028e+00
   183    3.34928e+00   3.31711e+00
   184    3.81042e+00   2.78345e+00
   185    4.65008e+00   8.96086e-01
   186    2.99793e+00   3.66913e+00
   187    9.10446e-01   4.65233e+00
   188    4.10776e+00   2.38475e+00
   189    3.26717e+00   3.47421e+00
   190    3.95395e+00   2.67942e+00
   191    2.14843e+00   4.29222e+00
   192    1.80731e+00   4.46123e+00
   193    0.00000e+00   4.82759e+00
   194    4.82759e+00   0.00000e+00
   195    3.19990e+00   3.63822e+00
   196    4.10647e+00   2.58907e+00
   197    2.94979e+00   3.85715e+00
   198    6.04529e-01   4.83243e+00
   199    4.83631e+00   6.01096e-01
   200    4.27495e+00   2.34104e+00
   201    1.51120e+00   4.64126e+00
   202    4.66253e+00   1.49692e+00
   203    2.64865e+00   4.12823e+00
   204    4.51135e+00   1.97259e+00
   205    3.14805e+00   3.80774e+00
   206    4.26667e+00   2.51319e+00
   207    4.81878e+00   1.20538e+00
   208    1.21320e+00   4.82385e+00
   209    4.43622e+00   2.25703e+00
   210    3.03109e-01   5.00000e+00
   211    5.00000e+00   3.03109e-01
   212    2.94184e+00   4.07333e+00
   213    3.11207e+00   3.98131e+00
   214    4.43320e+00   2.45241e+00
   215    4.99880e+00   9.05905e-01
   216    9.12417e-01   5.00182e+00
   217    2.41224e+00   4.48035e+00
   218    2.10639e+00   4.64205e+00
   219    2.90644e+00   4.24247e+00
   220    1.81503e+00   4.82549e+00
   221    4.64439e+00   2.23956e+00
   222    0.00000e+00   5.17241e+00
   223    5.17241e+00   0.00000e+00
   224    3.09225e+00   4.15747e+00
   225    4.60462e+00   2.40725e+00
   226    6.04529e-01   5.16757e+00
   227    5.16757e+00   6.04529e-01
   228    1.51206e+00   5.00019e+00
   229    5.00781e+00   1.49433e+00
   230    2.73400e+00   4.50459e+00
   231    2.91160e+00   4.43649e+00
   232    5.16817e+00   1.20952e+00
   233    1.21123e+00   5.17733e+00
   234    4.95489e+00   1.92925e+00
   235    3.08877e+00   4.33470e+00
   236    4.85449e+00   2.18805e+00
   237    4.77947e+00   2.37810e+00
   238    3.03109e-01   5.34483e+00
   239    5.34483e+00   3.03109e-01
   240    2.42372e+00   4.83466e+00
   241    9.04020e-01   5.33768e+00
   242    5.33936e+00   9.06927e-01
   243    2.11651e+00   5.00202e+00
   244    2.95185e+00   4.59372e+00
   245    3.10166e+00   4.51150e+00
   246    1.81511e+00   5.17485e+00
   247    5.02618e+00   2.20768e+00
   248    4.95627e+00   2.36521e+00
   249    0.00000e+00   5.51724e+00
   250    5.51724e+00   0.00000e+00
   251    6.06218e-01   5.51724e+00
   252    5.51724e+00   6.06218e-01
   253    5.35442e+00   1.47278e+00
   254    1.51194e+00   5.34930e+00
   255    2.88363e+00   4.82461e+00
   256    3.13081e+00   4.68636e+00
   257    1.20648e+00   5.51268e+00
   258    5.51758e+00   1.20747e+00
   259    5.13350e+00   2.36869e+00
   260    5.24216e+00   2.19566e+00
   261    3.03109e-01   5.68966e+00
   262    5.68966e+00   3.03109e-01
   263    2.37705e+00   5.18028e+00
   264    5.37971e+00   1.94950e+00
   265    2.10652e+00   5.34931e+00
   266    9.02732e-01   5.68543e+00
   267    5.68874e+00   9.08478e-01
   268    3.17596e+00   4.85778e+00
   269    1.81004e+00   5.53226e+00
   270    5.30966e+00   2.38851e+00
   271    3.03341e+00   5.00416e+00
   272    0.00000e+00   5.86207e+00
   273    5.86207e+00   0.00000e+00
   274    5.43382e+00   2.22624e+00
   275    5.85722e+00   6.04529e-01
   276    1.50217e+00   5.69826e+00
   277    5.69881e+00   1.50304e+00
   278    6.04529e-01   5.86692e+00
   279    2.82662e+00   5.19585e+00
   280    3.23674e+00   5.02430e+00
   281    5.85814e+00   1.20283e+00
   282    1.19319e+00   5.86220e+00
   283    5.48324e+00   2.42450e+00
   284    2.41188e+00   5.51954e+00
   285    3.03109e-01   6.03448e+00
   286    6.03448e+00   3.03109e-01
   287    3.10831e+00   5.18321e+00
   288    2.11106e+00   5.69766e+00
   289    5.63534e+00   2.30488e+00
   290    9.07638e-01   6.03448e+00
   291    6.03808e+00   9.03455e-01
   292    1.80591e+00   5.85531e+00
   293    5.87950e+00   1.80207e+00
   294    3.31263e+00   5.18451e+00
   295    5.79235e+00   2.09484e+00
   296    5.65275e+00   2.47634e+00
   297    0.00000e+00   6.20690e+00
   298    6.20690e+00   0.00000e+00
   299    1.50886e+00   6.03538e+00
   300    6.04622e+00   1.49503e+00
   301    6.04529e-01   6.20205e+00
   302    6.20690e+00   6.06218e-01
   303    5.80462e+00   2.33965e+00
   304    3.23224e+00   5.36052e+00
   305    2.71914e+00   5.67962e+00
   306    3.06374e+00   5.52923e+00
   307    6.20741e+00   1.20649e+00
   308    2.39128e+00   5.85719e+00
   309    3.40297e+00   5.33702e+00
   310    1.20826e+00   6.21327e+00
   311    5.81676e+00   2.54361e+00
   312    3.03109e-01   6.37931e+00
   313    6.37931e+00   3.03109e-01
   314    2.09761e+00   6.04578e+00
   315    6.14544e+00   1.82229e+00
   316    3.30592e+00   5.51683e+00
   317    6.37649e+00   9.03315e-01
   318    9.02732e-01   6.38354e+00
   319    1.80410e+00   6.20267e+00
   320    5.98826e+00   2.45398e+00
   321    3.50700e+00   5.48056e+00
   322    5.97387e+00   2.62573e+00
   323    0.00000e+00   6.55172e+00
   324    6.55172e+00   0.00000e+00
   325    1.51015e+00   6.38467e+00
   326    6.39143e+00   1.49859e+00
   327    6.06218e-01   6.55172e+00
   328    2.97469e+00   5.86894e+00
   329    6.55657e+00   6.04529e-01
   330    6.19777e+00   2.24167e+00
   331    2.67901e+00   6.05520e+00
   332    3.46032e+00   5.66834e+00
   333    6.14826e+00   2.51926e+00
   334    2.40431e+00   6.20595e+00
   335    1.20584e+00   6.55172e+00
   336    6.55668e+00   1.20254e+00
   337    3.62383e+00   5.61388e+00
   338    6.12272e+00   2.72199e+00
   339    2.10494e+00   6.37944e+00
   340    3.03109e-01   6.72414e+00
   341    6.72414e+00   3.03109e-01
   342    3.28330e+00   5.89313e+00
   343    6.51288e+00   1.84583e+00
   344    9.02732e-01   6.71991e+00
   345    6.72534e+00   9.05905e-01
   346    1.79963e+00   6.54837e+00
   347    3.56148e+00   5.80845e+00
   348    6.30777e+00   2.66540e+00
   349    3.75247e+00   5.73585e+00
   350    6.26206e+00   2.83157e+00
   351    0.00000e+00   6.89655e+00
   352    6.89655e+00   0.00000e+00
   353    2.98627e+00   6.21821e+00
   354    1.50386e+00   6.73390e+00
   355    6.88783e+00   6.01096e-01
   356    6.74682e+00   1.51174e+00
   357    6.04529e-01   6.90140e+00
   358    2.68749e+00   6.39630e+00
   359    2.40661e+00   6.55495e+00
   360    6.51965e+00   2.51490e+00
   361    3.70833e+00   5.93535e+00
   362    1.20135e+00   6.90086e+00
   363    6.90823e+00   1.20398e+00
   364    6.45305e+00   2.75897e+00
   365    3.89181e+00   5.84543e+00
   366    6.39070e+00   2.95354e+00
   367    6.68877e+00   2.21376e+00
   368    2.09903e+00   6.72912e+00
   369    3.03109e-01   7.06897e+00
   370    7.06897e+00   3.03109e-01
   371    9.07638e-01   7.06897e+00
   372    1.80944e+00   6.89737e+00
   373    3.62042e+00   6.15337e+00
   374    6.91517e+00   1.80037e+00
   375    7.10864e+00   9.02483e-01
   376    3.86627e+00   6.04816e+00
   377    3.29356e+00   6.38168e+00
   378    4.04066e+00   5.94169e+00
   379    6.50753e+00   3.08686e+00
   380    6.58299e+00   2.93192e+00
   381    2.99482e+00   6.56030e+00
   382    1.50886e+00   7.06986e+00
   383    0.00000e+00   7.24138e+00
   384    7.24138e+00   0.00000e+00
   385    2.69612e+00   6.73954e+00
   386    6.04529e-01   7.23653e+00
   387    7.23653e+00   6.04529e-01
   388    2.38841e+00   6.90283e+00
   389    4.19777e+00   6.02381e+00
   390    7.03802e+00   2.10498e+00
   391    1.20826e+00   7.24775e+00
   392    4.06285e+00   6.12734e+00
   393    7.19653e+00   1.51910e+00
   394    6.61156e+00   3.23040e+00
   395    6.70861e+00   3.05059e+00
   396    2.08772e+00   7.07586e+00
   397    6.98686e+00   2.39565e+00
   398    7.30159e+00   1.18155e+00
   399    6.85505e+00   2.80963e+00
   400    7.41379e+00   3.03109e-01
   401    3.03109e-01   7.41379e+00
   402    1.81002e+00   7.24651e+00
   403    9.02732e-01   7.41802e+00
   404    3.59971e+00   6.55105e+00
   405    4.19928e+00   6.19614e+00
   406    4.36178e+00   6.09108e+00
   407    3.29974e+00   6.73114e+00
   408    3.99186e+00   6.34756e+00
   409    6.70190e+00   3.38291e+00
   410    3.00143e+00   6.90983e+00
   411    6.80455e+00   3.24447e+00
   412    7.30454e+00   1.88446e+00
   413    1.51015e+00   7.41915e+00
   414    2.68434e+00   7.08893e+00
   415    0.00000e+00   7.58621e+00
   416    7.58621e+00   0.00000e+00
   417    7.58104e+00   5.46632e-01
   418    6.06218e-01   7.58621e+00
   419    7.29476e+00   2.23066e+00
   420    4.53129e+00   6.14292e+00
   421    2.38925e+00   7.25206e+00
   422    7.59231e+00   9.17836e-01
   423    6.77779e+00   3.54312e+00
   424    4.33785e+00   6.31118e+00
   425    6.87196e+00   3.38160e+00
   426    1.20584e+00   7.58621e+00
   427    2.10756e+00   7.41943e+00
   428    7.60246e+00   1.35959e+00
   429    7.28494e+00   2.57778e+00
   430    3.03109e-01   7.75862e+00
   431    7.75862e+00   3.03109e-01
   432    4.70487e+00   6.17891e+00
   433    7.09445e+00   3.17425e+00
   434    3.90469e+00   6.72442e+00
   435    6.83857e+00   3.70964e+00
   436    3.60348e+00   6.90427e+00
   437    7.60499e+00   1.70544e+00
   438    9.02732e-01   7.75439e+00
   439    1.80649e+00   7.59504e+00
   440    3.30101e+00   7.07961e+00
   441    4.58071e+00   6.34118e+00
   442    2.99452e+00   7.23657e+00
   443    6.98112e+00   3.56326e+00
   444    7.28599e+00   2.92754e+00
   445    7.59314e+00   2.05482e+00
   446    2.69910e+00   7.41188e+00
   447    4.88103e+00   6.19873e+00
   448    6.88372e+00   3.88106e+00
   449    1.50386e+00   7.76838e+00
   450    7.90392e+00   6.04576e-01
   451    0.00000e+00   7.93103e+00
   452    7.93103e+00   0.00000e+00
   453    7.58577e+00   2.40431e+00
   454    4.34379e+00   6.66884e+00
   455    6.04529e-01   7.93588e+00
   456    4.77237e+00   6.37176e+00
   457    2.40324e+00   7.59632e+00
   458    7.03917e+00   3.74845e+00
   459    7.90342e+00   1.19410e+00
   460    5.05826e+00   6.20221e+00
   461    6.91287e+00   4.05592e+00
   462    1.20135e+00   7.93534e+00
   463    7.89578e+00   1.54285e+00
   464    4.97060e+00   6.35495e+00
   465    7.59117e+00   2.75650e+00
   466    4.63482e+00   6.61792e+00
   467    7.07989e+00   3.93822e+00
   468    5.23506e+00   6.18932e+00
   469    3.59629e+00   7.26687e+00
   470    8.10345e+00   3.03109e-01
   471    3.03109e-01   8.10345e+00
   472    6.92576e+00   4.23272e+00
   473    7.90085e+00   1.89165e+00
   474    7.24886e+00   3.67255e+00
   475    4.20239e+00   6.96545e+00
   476    8.09835e+00   8.96086e-01
   477    9.07638e-01   8.10345e+00
   478    7.54985e+00   3.08583e+00
   479    3.00150e+00   7.58489e+00
   480    3.93092e+00   7.18227e+00
   481    5.40991e+00   6.16017e+00
   482    2.23459e+00   7.88933e+00
   483    1.82494e+00   7.99468e+00
   484    7.89141e+00   2.23466e+00
   485    5.16004e+00   6.37937e+00
   486    6.92228e+00   4.40995e+00
   487    7.10293e+00   4.13093e+00
   488    3.36803e+00   7.50409e+00
   489    1.49907e+00   8.11724e+00
   490    0.00000e+00   8.27586e+00
   491    8.27586e+00   0.00000e+00
   492    5.58133e+00   6.11501e+00
   493    4.98133e+00   6.62268e+00
   494    6.90246e+00   4.58611e+00
   495    6.04529e-01   8.27101e+00
   496    7.54727e+00   3.44406e+00
   497    2.58048e+00   7.88620e+00
   498    7.89428e+00   2.58373e+00
   499    8.28459e+00   6.01096e-01
   500    4.50835e+00   6.97767e+00
   501    5.35276e+00   6.35634e+00
   502    8.19950e+00   1.37856e+00
   503    7.31334e+00   4.00293e+00
   504    5.74786e+00   6.05423e+00
   505    6.86648e+00   4.75968e+00
   506    8.19828e+00   1.70938e+00
   507    1.21313e+00   8.29568e+00
   508    5.55721e+00   6.28566e+00
   509    7.06781e+00   4.53749e+00
   510    5.90806e+00   5.97835e+00
   511    6.81463e+00   4.92920e+00
   512    7.89040e+00   2.93676e+00
   513    7.22920e+00   4.31937e+00
   514    2.06178e+00   8.19322e+00
   515    6.06058e+00   5.88800e+00
   516    8.19553e+00   2.06901e+00
   517    3.03109e-01   8.44828e+00
   518    8.44828e+00   3.03109e-01
   519    6.74736e+00   5.09321e+00
   520    3.77911e+00   7.56405e+00
   521    4.32418e+00   7.27406e+00
   522    2.94671e+00   7.94813e+00
   523    5.28782e+00   6.63073e+00
   524    6.20411e+00   5.78397e+00
   525    5.72772e+00   6.25756e+00
   526    6.66525e+00   5.25031e+00
   527    7.06474e+00   4.71027e+00
   528    4.84380e+00   6.98382e+00
   529    9.02732e-01   8.45250e+00
   530    8.45699e+00   8.66959e-01
   531    6.33743e+00   5.66714e+00
   532    6.56899e+00   5.39917e+00
   533    6.45940e+00   5.53851e+00
   534    7.60314e+00   3.82538e+00
   535    6.98860e+00   4.88506e+00
   536    2.41011e+00   8.19166e+00
   537    8.19351e+00   2.40396e+00
   538    7.88982e+00   3.27589e+00
   539    3.28431e+00   7.89036e+00
   540    5.90677e+00   6.18267e+00
   541    8.49878e+00   1.19981e+00
   542    1.84383e+00   8.40487e+00
   543    6.07814e+00   6.09157e+00
   544    6.95133e+00   5.08107e+00
   545    0.00000e+00   8.62069e+00
   546    8.62069e+00   0.00000e+00
   547    1.50172e+00   8.49271e+00
   548    6.24326e+00   5.95181e+00
   549    5.67152e+00   6.50564e+00
   550    8.61584e+00   6.04529e-01
   551    4.14985e+00   7.57633e+00
   552    2.75913e+00   8.18690e+00
   553    6.06218e-01   8.62069e+00
   554    6.35963e+00   5.85278e+00
   555    8.50629e+00   1.54409e+00
   556    8.19267e+00   2.76651e+00
   557    7.30111e+00   4.63546e+00
   558    6.86946e+00   5.25704e+00
   559    7.60587e+00   4.12852e+00
   560    4.66969e+00   7.28708e+00
   561    3.62274e+00   7.89129e+00
   562    7.89036e+00   3.62865e+00
   563    6.53201e+00   5.72950e+00
   564    6.65891e+00   5.58264e+00
   565    8.49623e+00   1.89217e+00
   566    5.20439e+00   6.99064e+00
   567    3.10815e+00   8.19232e+00
   568    8.19433e+00   3.10402e+00
   569    6.85498e+00   5.46861e+00
   570    7.24585e+00   4.94508e+00
   571    6.05439e+00   6.35296e+00
   572    2.24228e+00   8.49114e+00
   573    8.50098e+00   2.23751e+00
   574    3.03109e-01   8.79310e+00
   575    8.79310e+00   3.03109e-01
   576    8.66951e-01   8.76281e+00
   577    1.28165e+00   8.71250e+00
   578    4.49877e+00   7.57249e+00
   579    3.96332e+00   7.87197e+00
   580    7.59451e+00   4.47698e+00
   581    8.78724e+00   9.60622e-01
   582    5.01843e+00   7.28678e+00
   583    7.91988e+00   3.96986e+00
   584    2.59156e+00   8.48985e+00
   585    8.49206e+00   2.58593e+00
   586    7.15044e+00   5.28072e+00
   587    8.19150e+00   3.45268e+00
   588    6.46118e+00   6.10966e+00
   589    3.45649e+00   8.19461e+00
   590    8.79055e+00   1.38272e+00
   591    1.68779e+00   8.76449e+00
   592    5.63698e+00   6.93644e+00
   593    6.79578e+00   5.82917e+00
   594    0.00000e+00   8.96552e+00
   595    8.96552e+00   0.00000e+00
   596    8.79942e+00   1.73207e+00
   597    2.92613e+00   8.49016e+00
   598    8.96552e+00   6.06218e-01
   599    4.31267e+00   7.88420e+00
   600    6.04529e-01   8.97036e+00
   601    8.49936e+00   2.93438e+00
   602    7.59439e+00   4.82097e+00
   603    7.89945e+00   4.31658e+00
   604    4.84810e+00   7.58672e+00
   605    8.18825e+00   3.79763e+00
   606    3.78975e+00   8.19419e+00
   607    8.78937e+00   2.07481e+00
   608    2.07327e+00   8.79865e+00
   609    5.36691e+00   7.30027e+00
   610    6.08375e+00   6.71980e+00
   611    3.27540e+00   8.49219e+00
   612    8.49549e+00   3.28045e+00
   613    2.42017e+00   8.79174e+00
   614    8.79554e+00   2.42381e+00
   615    9.09236e+00   8.57222e-01
   616    8.57842e-01   9.09727e+00
   617    9.13793e+00   3.03109e-01
   618    3.03109e-01   9.13793e+00
   619    6.38866e+00   6.54842e+00
   620    4.66228e+00   7.88152e+00
   621    7.89576e+00   4.64420e+00
   622    7.21034e+00   5.66274e+00
   623    9.09067e+00   1.20690e+00
   624    4.13145e+00   8.18869e+00
   625    1.20690e+00   9.09236e+00
   626    5.17728e+00   7.59295e+00
   627    7.60197e+00   5.16807e+00
   628    8.20468e+00   4.16867e+00
   629    1.53393e+00   9.08092e+00
   630    8.79479e+00   2.74946e+00
   631    2.75862e+00   8.79416e+00
   632    9.09654e+00   1.54812e+00
   633    8.49372e+00   3.62799e+00
   634    3.62488e+00   8.50097e+00
   635    5.76338e+00   7.26620e+00
   636    9.09152e+00   1.89747e+00
   637    1.89232e+00   9.09727e+00
   638    6.70716e+00   6.43142e+00
   639    9.31034e+00   0.00000e+00
   640    0.00000e+00   9.31034e+00
   641    6.05777e+00   7.08078e+00
   642    8.79012e+00   3.09888e+00
   643    3.09684e+00   8.79237e+00
   644    9.31519e+00   6.04529e-01
   645    4.49094e+00   8.18496e+00
   646    8.20037e+00   4.47307e+00
   647    6.99161e+00   6.19934e+00
   648    7.89920e+00   4.99173e+00
   649    5.00577e+00   7.89749e+00
   650    2.24138e+00   9.09236e+00
   651    9.09307e+00   2.24685e+00
   652    8.48895e+00   3.97561e+00
   653    3.96784e+00   8.49349e+00
   654    7.59629e+00   5.51604e+00
   655    6.38502e+00   6.89750e+00
   656    6.89655e-01   9.39378e+00
   657    9.42311e+00   2.84976e-01
   658    3.44618e+00   8.78961e+00
   659    8.79124e+00   3.44834e+00
   660    9.39378e+00   1.03448e+00
   661    1.03933e+00   9.39547e+00
   662    7.28382e+00   6.03027e+00
   663    2.59043e+00   9.09727e+00
   664    9.10391e+00   2.58111e+00
   665    5.64157e+00   7.59886e+00
   666    6.68756e+00   6.72879e+00
   667    3.03109e-01   9.48276e+00
   668    9.39378e+00   1.37931e+00
   669    1.37446e+00   9.39547e+00
   670    4.83931e+00   8.17630e+00
   671    8.19414e+00   4.82241e+00
   672    4.30125e+00   8.49008e+00
   673    7.89703e+00   5.34093e+00
   674    5.35382e+00   7.89461e+00
   675    8.52322e+00   4.29755e+00
   676    1.72414e+00   9.39378e+00
   677    9.39547e+00   1.72899e+00
   678    9.09410e+00   2.92983e+00
   679    2.92681e+00   9.09727e+00
   680    8.78829e+00   3.79882e+00
   681    6.98663e+00   6.54904e+00
   682    7.58074e+00   5.85161e+00
   683    3.79550e+00   8.79384e+00
   684    6.08646e+00   7.41820e+00
   685    9.39378e+00   2.06897e+00
   686    2.07381e+00   9.39547e+00
   687    9.65517e+00   0.00000e+00
   688    0.00000e+00   9.65517e+00
   689    6.39103e+00   7.24655e+00
   690    9.09236e+00   3.27101e+00
   691    3.27586e+00   9.09236e+00
   692    4.65101e+00   8.48683e+00
   693    8.49554e+00   4.64617e+00
   694    7.29149e+00   6.37930e+00
   695    8.19912e+00   5.17060e+00
   696    5.18809e+00   8.19398e+00
   697    2.40895e+00   9.39547e+00
   698    9.39547e+00   2.41864e+00
   699    9.69689e+00   5.17241e-01
   700    4.13032e+00   8.79928e+00
   701    8.79481e+00   4.14788e+00
   702    6.68869e+00   7.06416e+00
   703    5.77863e-01   9.71469e+00
   704    9.69689e+00   8.62069e-01
   705    8.62069e-01   9.69689e+00
   706    7.90341e+00   5.69007e+00
   707    5.70136e+00   7.91352e+00
   708    1.20690e+00   9.69689e+00
   709    9.69689e+00   1.20690e+00
   710    9.09067e+00   3.62069e+00
   711    3.61522e+00   9.09307e+00
   712    2.75862e+00   9.39378e+00
   713    9.39890e+00   2.76735e+00
   714    7.58843e+00   6.20085e+00
   715    1.55172e+00   9.69689e+00
   716    9.69689e+00   1.55172e+00
   717    6.99455e+00   6.89466e+00
   718    5.00078e+00   8.48595e+00
   719    8.49893e+00   4.99272e+00
   720    4.47963e+00   8.79096e+00
   721    5.50558e+00   8.20130e+00
   722    8.20115e+00   5.50761e+00
   723    9.69689e+00   1.89655e+00
   724    1.89655e+00   9.69689e+00
   725    8.81074e+00   4.49664e+00
   726    9.39547e+00   3.09860e+00
   727    3.10830e+00   9.39547e+00
   728    6.03737e+00   7.84150e+00
   729    7.28234e+00   6.72811e+00
   730    3.96460e+00   9.09152e+00
   731    9.09236e+00   3.97036e+00
   732    7.88589e+00   6.02164e+00
   733    6.38810e+00   7.59495e+00
   734    2.24138e+00   9.69689e+00
   735    9.69689e+00   2.24138e+00
   736    6.69014e+00   7.42492e+00
   737    1.00000e+01   0.00000e+00
   738    0.00000e+00   1.00000e+01
   739    3.44828e-01   1.00000e+01
   740    1.00000e+01   3.44828e-01
   741    3.44343e+00   9.39547e+00
   742    9.39378e+00   3.44828e+00
   743    7.58194e+00   6.54722e+00
   744    1.00000e+01   6.89655e-01
   745    6.89655e-01   1.00000e+01
   746    4.82598e+00   8.78891e+00
   747    8.79122e+00   4.82694e+00
   748    2.58621e+00   9.69689e+00
   749    9.69689e+00   2.58621e+00
   750    8.50542e+00   5.33704e+00
   751    5.33750e+00   8.50704e+00
   752    1.03448e+00   1.00000e+01
   753    1.00000e+01   1.03448e+00
   754    6.98898e+00   7.24334e+00
   755    4.31395e+00   9.09654e+00
   756    9.10316e+00   4.30591e+00
   757    8.20031e+00   5.85731e+00
   758    1.00000e+01   1.37931e+00
   759    1.37931e+00   1.00000e+01
   760    5.85408e+00   8.22791e+00
   761    2.93103e+00   9.69689e+00
   762    9.69689e+00   2.93103e+00
   763    3.79310e+00   9.39378e+00
   764    9.39378e+00   3.79310e+00
   765    7.88282e+00   6.36890e+00
   766    1.72414e+00   1.00000e+01
   767    1.00000e+01   1.72414e+00
   768    7.29143e+00   7.07761e+00
   769    6.39482e+00   7.94405e+00
   770    8.79020e+00   5.17645e+00
   771    5.17544e+00   8.79266e+00
   772    1.00000e+01   2.06897e+00
   773    2.06897e+00   1.00000e+01
   774    4.65425e+00   9.09152e+00
   775    9.09327e+00   4.65492e+00
   776    5.68301e+00   8.50170e+00
   777    8.50308e+00   5.68230e+00
   778    3.27586e+00   9.69689e+00
   779    9.69689e+00   3.27586e+00
   780    6.69226e+00   7.76118e+00
   781    7.58891e+00   6.89617e+00
   782    4.13308e+00   9.39547e+00
   783    9.39547e+00   4.14278e+00
   784    6.19523e+00   8.19301e+00
   785    8.19731e+00   6.19837e+00
   786    1.00000e+01   2.41379e+00
   787    2.41379e+00   1.00000e+01
   788    6.99735e+00   7.59196e+00
   789    9.69689e+00   3.62069e+00
   790    3.62069e+00   9.69689e+00
   791    7.88596e+00   6.71864e+00
   792    2.75862e+00   1.00000e+01
   793    1.00000e+01   2.75862e+00
   794    4.99593e+00   9.09252e+00
   795    9.09252e+00   5.00407e+00
   796    8.79444e+00   5.52592e+00
   797    5.52817e+00   8.79523e+00
   798    7.29275e+00   7.40663e+00
   799    4.48276e+00   9.39378e+00
   800    9.39890e+00   4.49148e+00
   801    8.49501e+00   6.03141e+00
   802    6.03220e+00   8.49472e+00
   803    3.10345e+00   1.00000e+01
   804    1.00000e+01   3.10345e+00
   805    9.69689e+00   3.96552e+00
   806    3.96552e+00   9.69689e+00
   807    8.19038e+00   6.54779e+00
   808    7.59985e+00   7.23976e+00
   809    6.62224e+00   8.15251e+00
   810    5.34508e+00   9.09327e+00
   811    9.09410e+00   5.34603e+00
   812    4.82274e+00   9.39547e+00
   813    9.39378e+00   4.82759e+00
   814    5.86586e+00   8.79927e+00
   815    8.79992e+00   5.86621e+00
   816    3.44828e+00   1.00000e+01
   817    1.00000e+01   3.44828e+00
   818    6.99334e+00   7.93742e+00
   819    7.88084e+00   7.07772e+00
   820    9.69689e+00   4.31034e+00
   821    4.31034e+00   9.69689e+00
   822    6.38363e+00   8.48066e+00
   823    8.49552e+00   6.38061e+00
   824    7.29577e+00   7.77368e+00
   825    3.79310e+00   1.00000e+01
   826    1.00000e+01   3.79310e+00
   827    8.18773e+00   6.89415e+00
   828    5.17241e+00   9.39378e+00
   829    9.39547e+00   5.17726e+00
   830    7.59170e+00   7.58771e+00
   831    5.69409e+00   9.10316e+00
   832    9.10391e+00   5.69475e+00
   833    9.69689e+00   4.65517e+00
   834    4.65517e+00   9.69689e+00
   835    8.79628e+00   6.20317e+00
   836    6.20378e+00   8.79635e+00
   837    6.69544e+00   8.45049e+00
   838    4.13793e+00   1.00000e+01
   839    1.00000e+01   4.13793e+00
   840    8.49142e+00   6.72224e+00
   841    7.89349e+00   7.42661e+00
   842    7.00316e+00   8.28576e+00
   843    5.50852e+00   9.39890e+00
   844    9.39890e+00   5.50852e+00
   845    7.29713e+00   8.09861e+00
   846    5.00000e+00   9.69689e+00
   847    9.69689e+00   5.00000e+00
   848    6.04034e+00   9.10161e+00
   849    9.10215e+00   6.04076e+00
   850    8.18787e+00   7.24390e+00
   851    4.48276e+00   1.00000e+01
   852    1.00000e+01   4.48276e+00
   853    8.79539e+00   6.55225e+00
   854    6.55285e+00   8.79686e+00
   855    7.60558e+00   7.93547e+00
   856    8.49024e+00   7.06814e+00
   857    7.89610e+00   7.74382e+00
   858    9.39547e+00   5.85722e+00
   859    5.85722e+00   9.39547e+00
   860    9.69689e+00   5.34483e+00
   861    5.34483e+00   9.69689e+00
   862    4.82759e+00   1.00000e+01
   863    1.00000e+01   4.82759e+00
   864    9.09654e+00   6.37571e+00
   865    6.37508e+00   9.09727e+00
   866    6.94820e+00   8.71169e+00
   867    7.29133e+00   8.45505e+00
   868    8.20458e+00   7.57914e+00
   869    8.79366e+00   6.89528e+00
   870    7.59459e+00   8.28102e+00
   871    5.68966e+00   9.69689e+00
   872    9.69689e+00   5.68966e+00
   873    5.17241e+00   1.00000e+01
   874    1.00000e+01   5.17241e+00
   875    6.20690e+00   9.39378e+00
   876    9.39378e+00   6.20690e+00
   877    8.49091e+00   7.41748e+00
   878    9.09152e+00   6.72506e+00
   879    6.72414e+00   9.09236e+00
   880    7.89192e+00   8.10462e+00
   881    8.79199e+00   7.24419e+00
   882    8.19354e+00   7.92769e+00
   883    5.51724e+00   1.00000e+01
   884    1.00000e+01   5.51724e+00
   885    6.03448e+00   9.69689e+00
   886    9.69689e+00   6.03448e+00
   887    7.29728e+00   8.80403e+00
   888    9.39547e+00   6.55657e+00
   889    6.55657e+00   9.39547e+00
   890    8.49853e+00   7.76675e+00
   891    9.09307e+00   7.07443e+00
   892    7.07319e+00   9.09727e+00
   893    7.59204e+00   8.71169e+00
   894    7.89378e+00   8.45126e+00
   895    5.86207e+00   1.00000e+01
   896    1.00000e+01   5.86207e+00
   897    9.69689e+00   6.37931e+00
   898    6.37931e+00   9.69689e+00
   899    8.79601e+00   7.58359e+00
   900    8.19650e+00   8.27640e+00
   901    6.89170e+00   9.39547e+00
   902    9.39378e+00   6.89655e+00
   903    9.09707e+00   7.40665e+00
   904    7.40957e+00   9.09727e+00
   905    8.49472e+00   8.09565e+00
   906    6.20690e+00   1.00000e+01
   907    1.00000e+01   6.20690e+00
   908    9.69689e+00   6.72414e+00
   909    6.72414e+00   9.69689e+00
   910    7.89911e+00   8.80086e+00
   911    8.79912e+00   7.92850e+00
   912    7.24138e+00   9.39378e+00
   913    9.39547e+00   7.24623e+00
   914    8.19728e+00   8.62476e+00
   915    7.75862e+00   9.09236e+00
   916    6.55172e+00   1.00000e+01
   917    1.00000e+01   6.55172e+00
   918    9.10113e+00   7.75343e+00
   919    8.49566e+00   8.44497e+00
   920    7.06897e+00   9.69689e+00
   921    9.69689e+00   7.06897e+00
   922    8.79652e+00   8.26746e+00
   923    9.39378e+00   7.58621e+00
   924    7.59105e+00   9.39547e+00
   925    6.89655e+00   1.00000e+01
   926    1.00000e+01   6.89655e+00
   927    8.14506e+00   9.02824e+00
   928    9.10332e+00   8.09973e+00
   929    9.69689e+00   7.41379e+00
   930    7.41379e+00   9.69689e+00
   931    8.50290e+00   8.79449e+00
   932    7.92619e+00   9.39547e+00
   933    9.39547e+00   7.93588e+00
   934    8.79652e+00   8.62909e+00
   935    1.00000e+01   7.24138e+00
   936    7.24138e+00   1.00000e+01
   937    9.09580e+00   8.44828e+00
   938    7.75862e+00   9.69689e+00
   939    9.69689e+00   7.75862e+00
   940    8.45542e+00   9.09598e+00
   941    8.27586e+00   9.39378e+00
   942    9.39890e+00   8.28459e+00
   943    7.58621e+00   1.00000e+01
   944    1.00000e+01   7.58621e+00
   945    8.79912e+00   8.96805e+00
   946    9.69689e+00   8.10345e+00
   947    8.10345e+00   9.69689e+00
   948    9.10332e+00   8.79682e+00
   949    9.39890e+00   8.61196e+00
   950    8.62554e+00   9.39547e+00
   951    1.00000e+01   7.93103e+00
   952    7.93103e+00   1.00000e+01
   953    8.44828e+00   9.69689e+00
   954    9.69689e+00   8.44828e+00
   955    9.13144e+00   9.08593e+00
   956    1.00000e+01   8.27586e+00
   957    8.27586e+00   1.00000e+01
   958    9.39547e+00   8.96067e+00
   959    8.96552e+00   9.39378e+00
   960    9.69689e+00   8.79310e+00
   961    8.79310e+00   9.69689e+00
   962    8.62069e+00   1.00000e+01
   963    1.00000e+01   8.62069e+00
   964    9.39378e+00   9.31034e+00
   965    9.69689e+00   9.13793e+00
   966    9.13793e+00   9.69689e+00
   967    8.96552e+00   1.00000e+01
   968    1.00000e+01   8.96552e+00
   969    9.71469e+00   9.42214e+00
   970    9.48276e+00   9.69689e+00
   971    1.00000e+01   9.31034e+00
   972    9.31034e+00   1.00000e+01
   973    1.00000e+01   9.65517e+00
   974    9.65517e+00   1.00000e+01
   975    1.00000e+01   1.00000e+01
3 1766
    1      195       205       186
    1      526       519       558
    1      180       181       162
    1      389       406       405
    1      338       322       333
    1      280       294       287
    1      492       504       525
    1      448       435       458
    1      237       225       221
    1      235       245       231
    1      447       460       464
    1      494       486       509
    1      283       270       274
    1      337       349       347
    1      524       531       554
    1      394       379       395
    1      196       190       179
    1      213       224       212
    1      511       505       535
    1      183       189       171
    1      420       432       441
    1      311       296       303
    1      309       321       316
    1      510       515       543
    1      423       409       425
    1      214       206       200
    1      256       268       255
    1      468       481       501
    1      472       461       487
    1      259       248       247
    1      365       378       376
    1      533       532       564
    1      366       350       364
    1      184       182       165
    1      205       213       197
    1      519       511       544
    1      181       183       163
    1      406       420       424
    1      322       311       320
    1      294       309       304
    1      504       510       540
    1      435       423       443
    1      225       214       209
    1      245       256       244
    1      460       468       485
    1      486       472       513
    1      270       259       260
    1      349       365       361
    1      531       533       563
    1      379       366       380
    1      190       184       173
    1      224       235       219
    1      505       494       527
    1      189       195       169
    1      432       447       456
    1      296       283       289
    1      321       337       332
    1      515       524       548
    1      409       394       411
    1      206       196       188
    1      268       280       271
    1      481       492       508
    1      461       448       467
    1      248       237       236
    1      378       389       392
    1      532       526       569
    1      350       338       348
    1      182       180       160
    1      186       205       197
    1      186       197       168
    1      364       350       348
    1      364       348       360
    1      392       389       405
    1      392       405       408
    1      179       190       173
    1      179       173       153
    1      563       533       564
    1      563       564       593
    1      221       225       209
    1      221       209       204
    1      425       409       411
    1      425       411       433
    1      540       510       543
    1      540       543       571
    1      332       337       347
    1      332       347       342
    1      333       322       320
    1      333       320       330
    1      441       432       456
    1      441       456       466
    1      163       183       171
    1      163       171       150
    1      527       494       509
    1      527       509       557
    1      274       270       260
    1      274       260       264
    1      487       461       467
    1      487       467       503
    1      485       468       501
    1      485       501       523
    1      271       280       287
    1      271       287       279
    1      162       181       163
    1      162       163       142
    1      197       213       212
    1      197       203       168
    1      348       338       333
    1      348       333       360
    1      535       505       527
    1      535       527       570
    1      173       184       165
    1      173       165       153
    1      464       460       485
    1      464       485       493
    1      255       268       271
    1      255       271       279
    1      209       214       200
    1      209       176       204
    1      411       394       395
    1      411       395       433
    1      525       504       540
    1      525       540       571
    1      316       321       332
    1      316       332       342
    1      320       311       303
    1      320       303       330
    1      456       447       464
    1      456       493       466
    1      554       531       563
    1      554       563       588
    1      376       378       392
    1      376       392       408
    1      260       259       247
    1      260       234       264
    1      467       448       458
    1      467       474       503
    1      558       519       544
    1      558       544       586
    1      165       182       160
    1      165       160       145
    1      569       526       558
    1      569       558       586
    1      212       224       219
    1      212       219       203
    1      380       366       364
    1      380       364       399
    1      231       245       244
    1      231       244       230
    1      200       206       188
    1      200       188       176
    1      443       423       425
    1      443       425       433
    1      548       524       554
    1      548       554       588
    1      287       294       304
    1      287       306       279
    1      303       296       289
    1      303       289       295
    1      424       420       441
    1      424       441       454
    1      169       195       186
    1      169       186       168
    1      347       349       361
    1      347       373       342
    1      247       248       236
    1      247       236       234
    1      513       472       487
    1      513       487       503
    1      508       492       525
    1      508       525       549
    1      405       406       424
    1      405       424       408
    1      544       511       535
    1      544       570       586
    1      160       180       162
    1      160       142       145
    1      171       189       169
    1      171       169       150
    1      219       235       231
    1      219       231       230
    1      509       486       513
    1      509       513       557
    1      501       481       508
    1      501       508       549
    1      244       256       255
    1      244       255       230
    1      188       196       179
    1      188       179       153
    1      458       435       443
    1      458       443       474
    1      543       515       548
    1      543       548       588
    1      304       309       316
    1      304       316       306
    1      289       283       274
    1      289       274       295
    1      395       379       380
    1      395       380       399
    1      564       532       569
    1      564       569       593
    1      361       365       376
    1      361       376       373
    1      236       237       221
    1      236       221       204
    1      474       443       433
    1      399       364       360
    1      373       376       408
    1      165       145       153
    1      200       176       209
    1      304       306       287
    1      203       219       230
    1      303       295       330
    1      458       474       467
    1      571       543       588
    1      523       501       549
    1      361       373       347
    1      212       203       197
    1      247       234       260
    1      395       399       433
    1      588       563       593
    1      234       236       204
    1      549       525       571
    1      333       330       360
    1      274       264       295
    1      176       188       153
    1      306       316       342
    1        1         2         3
    1      753       758       709
    1      952       943       938
    1      351       323       340
    1      250       273       262
    1      917       926       908
    1      787       773       734
    1       19        11        17
    1       66        82        70
    1      826       839       805
    1      873       862       846
    1      135       116       130
    1      491       546       518
    1      971       973       969
    1      688       640       667
    1       18        26        24
    1      786       793       749
    1      916       906       898
    1      249       222       238
    1      352       384       370
    1      951       956       946
    1      752       745       705
    1      136       159       152
    1      874       884       860
    1      825       816       790
    1       65        51        57
    1      687       737       740
    1      972       967       966
    1      490       451       471
    1        6        12         9
    1      767       772       723
    1      936       925       920
    1      297       272       285
    1      298       324       313
    1      935       944       929
    1      766       759       715
    1        7         3         5
    1       99       117       109
    1      852       863       833
    1      851       838       821
    1       98        81        87
    1      595       639       617
    1      975       974       973
    1      594       545       574
    1       36        50        44
    1      804       817       779
    1      895       883       871
    1      193       158       177
    1      416       452       431
    1      963       968       960
    1      739       738       688
    1      194       223       211
    1      896       907       886
    1      803       792       761
    1       35        27        34
    1      740       744       699
    1      962       957       953
    1      415       383       401
    1        2         6         4
    1      758       767       716
    1      943       936       930
    1      323       297       312
    1      273       298       286
    1      926       935       921
    1      773       766       724
    1       11         7        10
    1       82        99        86
    1      839       852       820
    1      862       851       834
    1      116        98       110
    1      546       595       575
    1      640       594       618
    1       26        36        33
    1      793       804       762
    1      906       895       885
    1      222       193       210
    1      384       416       400
    1      956       963       954
    1      745       739       703
    1      159       194       178
    1      884       896       872
    1      816       803       778
    1       51        35        45
    1      967       962       961
    1      451       415       430
    1       12        18        16
    1      772       786       735
    1      925       916       909
    1      272       249       261
    1      324       352       341
    1      944       951       939
    1      759       752       708
    1      117       136       131
    1      863       874       847
    1      838       825       806
    1       81        65        71
    1      639       687       657
    1      974       972       970
    1      545       490       517
    1       50        66        56
    1      817       826       789
    1      883       873       861
    1      158       135       151
    1      452       491       470
    1      968       971       965
    1      223       250       239
    1      907       917       897
    1      792       787       748
    1       27        19        25
    1      744       753       704
    1      957       952       947
    1      383       351       369
    1      709       758       716
    1      709       716       668
    1      929       944       939
    1      929       939       923
    1      834       851       821
    1      834       821       799
    1      789       826       805
    1      789       805       764
    1      668       716       677
    1      923       939       933
    1      799       821       782
    1      764       805       783
    1      898       906       885
    1      898       885       875
    1      875       885       859
    1      898       875       889
    1      886       907       897
    1      886       897       876
    1      876       897       888
    1      886       876       858
    1      430       415       401
    1      430       401       418
    1      418       401       386
    1      430       418       455
    1      805       839       820
    1      805       820       783
    1      783       820       800
    1      574       545       517
    1      574       517       553
    1      553       517       495
    1      574       553       600
    1      400       416       431
    1      400       431       417
    1      417       431       450
    1      400       417       387
    1       25        19        17
    1       25        17        23
    1       23        17        14
    1       25        23        32
    1       57        51        45
    1       57        45        54
    1       54        45        42
    1       57        54        68
    1      930       936       920
    1      930       920       912
    1      912       920       901
    1      930       912       924
    1      131       136       152
    1      131       152       141
    1      141       152       167
    1      131       141       120
    1      908       926       921
    1      908       921       902
    1      902       921       913
    1      908       902       888
    1      888       902       878
    1      908       888       897
    1      908       897       917
    1      878       902       891
    1      888       878       864
    1      833       863       847
    1      833       847       813
    1      813       847       829
    1      833       813       800
    1      800       813       775
    1      833       800       820
    1      833       820       852
    1      775       813       795
    1      800       775       756
    1       33        36        44
    1       33        44        43
    1       43        44        55
    1       33        43        31
    1      965       971       969
    1      965       969       964
    1      964       969       970
    1      970       969       973
    1      965       964       958
    1      705       745       703
    1      705       703       656
    1      656       703       667
    1      667       703       739
    1      705       656       661
    1      953       957       947
    1      953       947       941
    1      941       947       932
    1      953       941       950
    1      261       249       238
    1      261       238       251
    1      251       238       226
    1      261       251       278
    1      177       158       151
    1      177       151       166
    1      166       151       140
    1      177       166       198
    1      872       896       886
    1      872       886       858
    1      872       858       844
    1      723       772       735
    1      723       735       685
    1      685       735       698
    1      723       685       677
    1      677       685       636
    1      723       677       716
    1      723       716       767
    1      636       685       651
    1      677       636       632
    1      724       766       715
    1      724       715       676
    1      676       715       669
    1      724       676       686
    1      657       687       699
    1      340       323       312
    1      340       312       327
    1      327       312       301
    1      340       327       357
    1        5         3         4
    1      575       595       617
    1      575       617       598
    1      598       617       644
    1      575       598       550
    1      151       135       130
    1      151       130       140
    1      140       130       119
    1      370       384       400
    1      370       400       387
    1      370       387       355
    1       34        27        25
    1       34        25        32
    1       34        32        42
    1       42        32        40
    1       34        42        45
    1       40        32        29
    1       42        40        52
    1       34        45        35
    1      735       786       749
    1      735       749       698
    1      698       749       713
    1      130       116       110
    1      130       110       119
    1      119       110       100
    1      100       110        87
    1      100        87        83
    1       87       110        98
    1      119       100       113
    1       83        87        71
    1       83        71        68
    1       83        68        79
    1       71        87        81
    1       68        71        57
    1       79        68        64
    1       83        79        96
    1       57        71        65
    1      100        83        96
    1      100        96       113
    1      113        96       108
    1      108        96        91
    1      113       108       129
    1       91        96        79
    1       91        79        74
    1       74        79        64
    1       91        74        85
    1       74        64        58
    1       58        64        52
    1       74        58        72
    1       52        64        54
    1       58        52        46
    1       52        54        42
    1       54        64        68
    1       46        52        40
    1       46        40        37
    1       58        46        59
    1       37        40        29
    1       37        29        30
    1       46        37        49
    1       85        74        72
    1       85        72        89
    1       91        85       103
    1       30        29        20
    1       37        30        41
    1       72        58        59
    1      108        91       103
    1      108       103       123
    1      123       103       121
    1      108       123       129
    1      129       123       143
    1      143       123       139
    1      129       143       148
    1      121       103       102
    1      123       121       139
    1      139       121       137
    1      113       129       133
    1       85        89       102
    1      102        89       107
    1       85       102       103
    1      107        89        94
    1      102       107       118
    1       94        89        77
    1      107        94       115
    1      118       107       128
    1      102       118       121
    1      121       118       137
    1      137       118       128
    1      129       148       133
    1      133       148       155
    1      155       148       174
    1      133       155       140
    1      140       155       166
    1      166       155       187
    1      187       155       174
    1      187       174       208
    1      208       174       201
    1      187       208       216
    1      166       187       198
    1       46        49        59
    1       59        49        63
    1       63        49        53
    1       59        63        77
    1      143       139       161
    1       49        37        41
    1       89        72        77
    1      148       143       170
    1      779       817       789
    1      779       789       742
    1      742       789       764
    1      742       764       710
    1      779       742       726
    1      710       764       731
    1      742       710       690
    1      947       952       938
    1      947       938       932
    1      932       938       924
    1      932       924       915
    1      924       938       930
    1      915       924       904
    1      932       915       927
    1      930       938       943
    1      471       451       430
    1      471       430       455
    1      471       455       495
    1      495       455       477
    1      471       495       517
    1      477       455       438
    1      495       477       529
    1      471       517       490
    1      286       298       313
    1      286       313       302
    1      302       313       329
    1      286       302       275
    1      806       825       790
    1      806       790       763
    1      763       790       741
    1      806       763       782
    1      782       763       730
    1      806       782       821
    1      806       821       838
    1      730       763       711
    1      782       730       755
    1       17        11        10
    1       17        10        14
    1       14        10         8
    1      885       895       871
    1      885       871       859
    1      859       871       843
    1      860       884       872
    1      860       872       844
    1      860       844       829
    1      829       844       811
    1      860       829       847
    1      811       844       832
    1      829       811       795
    1      795       811       770
    1      860       847       874
    1      770       811       796
    1      795       770       747
    1        4         6         9
    1        4         9         8
    1      939       951       946
    1      939       946       933
    1      933       946       942
    1       24        26        33
    1       24        33        31
    1       24        31        21
    1      960       968       965
    1      960       965       958
    1      960       958       949
    1      285       272       261
    1      285       261       278
    1      285       278       301
    1      301       278       290
    1      285       301       312
    1      290       278       266
    1      301       290       318
    1      285       312       297
    1       86        99       109
    1       86       109       101
    1      101       109       120
    1      101       120       114
    1      120       109       131
    1      131       109       117
    1      114       120       134
    1      101       114        95
    1       86       101        84
    1      715       759       708
    1      715       708       669
    1      669       708       661
    1      669       661       625
    1      661       708       705
    1      625       661       616
    1      669       625       629
    1      705       708       752
    1      861       873       846
    1      861       846       828
    1      828       846       812
    1      861       828       843
    1      843       828       810
    1      861       843       871
    1      861       871       883
    1      810       828       794
    1      843       810       831
    1      238       222       210
    1      238       210       226
    1      226       210       198
    1      226       198       216
    1      198       210       177
    1      177       210       193
    1      761       792       748
    1      761       748       712
    1      712       748       697
    1      761       712       727
    1       16        18        24
    1       16        24        21
    1       16        21        13
    1       13        21        22
    1       16        13         9
    1        9        13         8
    1       16         9        12
    1      846       862       834
    1      846       834       812
    1      812       834       799
    1      812       799       774
    1      774       799       755
    1      755       799       782
    1      774       755       720
    1      812       774       794
    1      794       774       746
    1      720       755       700
    1      774       720       746
    1      746       720       692
    1      794       746       771
    1       44        50        56
    1       44        56        55
    1       55        56        69
    1      954       963       960
    1      954       960       949
    1      954       949       942
    1      942       949       937
    1      954       942       946
    1      937       949       948
    1      942       937       928
    1      954       946       956
    1      948       949       958
    1      948       958       955
    1      955       958       964
    1      955       964       959
    1      948       955       945
    1      937       948       934
    1      928       937       922
    1      942       928       933
    1      933       928       918
    1      918       928       911
    1      933       918       923
    1      923       918       903
    1      903       918       899
    1      923       903       913
    1      913       903       891
    1      923       913       929
    1      891       903       881
    1      929       913       921
    1      881       903       899
    1      881       899       877
    1      891       881       869
    1      929       921       935
    1      913       891       902
    1      877       899       890
    1      881       877       856
    1      704       753       709
    1      704       709       660
    1      660       709       668
    1      660       668       623
    1      704       660       644
    1      623       668       632
    1      632       668       677
    1      623       632       590
    1      590       632       596
    1      623       590       581
    1      660       623       615
    1      966       967       961
    1      966       961       959
    1      959       961       950
    1      959       950       945
    1      950       961       953
    1      953       961       962
    1      966       959       964
    1      955       959       945
    1      734       773       724
    1      734       724       686
    1      734       686       697
    1      697       686       650
    1      734       697       748
    1      650       686       637
    1      697       650       663
    1      734       748       787
    1      762       804       779
    1      762       779       726
    1      762       726       713
    1      713       726       678
    1      762       713       749
    1      678       726       690
    1      678       690       642
    1      713       678       664
    1      762       749       793
    1      642       690       659
    1      678       642       630
    1      690       726       742
    1      239       250       262
    1      239       262       252
    1      252       262       275
    1      252       275       267
    1      275       262       286
    1      286       262       273
    1      267       275       291
    1      252       267       242
    1      239       252       227
    1      152       159       178
    1      152       178       167
    1      167       178       199
    1      401       383       369
    1      401       369       386
    1      386       369       357
    1      386       357       371
    1      357       369       340
    1      371       357       344
    1      386       371       403
    1      340       369       351
    1      341       352       370
    1      341       370       355
    1      341       355       329
    1      329       355       345
    1      341       329       313
    1      345       355       375
    1      329       345       317
    1      341       313       324
    1      667       640       618
    1      667       618       656
    1      431       452       470
    1      431       470       450
    1      450       470       499
    1      778       803       761
    1      778       761       727
    1      778       727       741
    1      741       727       691
    1      778       741       790
    1      691       727       679
    1      741       691       711
    1      711       691       658
    1      778       790       816
    1      741       711       763
    1      658       691       643
    1      711       658       683
    1      920       925       909
    1      920       909       901
    1      901       909       889
    1      901       889       879
    1      889       909       898
    1      879       889       865
    1      901       879       892
    1      898       909       916
    1       10         7         5
    1       10         5         8
    1        8         5         4
    1        4         3         2
    1      970       972       966
    1      970       966       964
    1      618       594       574
    1      618       574       600
    1      618       600       656
    1      470       491       518
    1      470       518       499
    1      499       518       550
    1      499       550       530
    1      550       518       575
    1      530       550       581
    1      499       530       476
    1      575       518       546
    1      699       744       704
    1      699       704       644
    1      178       194       211
    1      178       211       199
    1      199       211       227
    1      199       227       215
    1      227       211       239
    1      215       227       242
    1      215       242       232
    1      199       215       185
    1      239       211       223
    1      242       227       252
    1      232       242       258
    1      215       232       207
    1       70        82        86
    1       70        86        84
    1       70        84        69
    1       69        84        78
    1       70        69        56
    1       78        84        95
    1       78        95        92
    1       69        78        62
    1       70        56        66
    1       95        84       101
    1       92        95       111
    1       78        92        75
    1      617       639       657
    1      617       657       644
    1      644       657       699
    1      699       687       740
    1      688       667       739
    1      974       970       973
    1      783       800       756
    1      783       756       731
    1      731       756       701
    1      701       756       725
    1      731       701       680
    1      783       731       764
    1      698       713       664
    1      698       664       651
    1      651       664       614
    1      614       664       630
    1      614       630       585
    1      651       614       607
    1      585       630       601
    1      614       585       573
    1      698       651       685
    1      601       630       642
    1      601       642       612
    1      612       642       659
    1      612       659       633
    1      601       612       568
    1      633       659       680
    1      633       680       652
    1      612       633       587
    1      652       680       701
    1      633       652       605
    1      585       601       556
    1      573       585       537
    1      614       573       607
    1      607       573       565
    1      565       573       516
    1      607       565       596
    1      596       565       555
    1      607       596       636
    1      636       596       632
    1      555       565       506
    1      596       555       590
    1      590       555       541
    1      541       555       502
    1      590       541       581
    1      581       541       530
    1      530       541       476
    1      502       555       506
    1      502       506       463
    1      463       506       473
    1      502       463       459
    1      541       502       476
    1       62        78        75
    1       69        62        55
    1       55        62        48
    1       48        62        61
    1       55        48        43
    1       43        48        38
    1       38        48        47
    1       43        38        31
    1       31        38        28
    1       28        38        39
    1       31        28        21
    1       21        28        22
    1       22        28        30
    1      516       573       537
    1      516       537       484
    1      484       537       498
    1      516       484       473
    1      473       484       445
    1      516       473       506
    1      445       484       453
    1      473       445       437
    1      463       473       437
    1      463       437       428
    1      428       437       393
    1      463       428       459
    1      459       428       422
    1      422       428       398
    1      459       422       476
    1      140       119       133
    1      811       832       796
    1      329       317       302
    1      302       317       291
    1      291       317       307
    1      302       291       275
    1      307       317       336
    1      291       307       281
    1      832       844       858
    1      832       858       849
    1      849       858       876
    1      849       876       864
    1      864       876       888
    1      849       864       835
    1      832       849       815
    1      835       864       853
    1      849       835       815
    1      815       835       801
    1      801       835       823
    1      815       801       777
    1      375       355       387
    1      375       387       422
    1      345       375       363
    1      502       459       476
    1      450       499       476
    1      450       476       422
    1      185       215       207
    1       14         8        15
    1      167       199       185
    1      167       185       154
    1      154       185       175
    1      167       154       141
    1      141       154       134
    1      134       154       149
    1      141       134       120
    1      149       154       175
    1      149       175       172
    1      134       149       132
    1      172       175       202
    1      149       172       144
    1      664       678       630
    1      565       516       506
    1      859       843       831
    1      859       831       848
    1      848       831       814
    1      859       848       875
    1      875       848       865
    1      865       848       836
    1      875       865       889
    1      836       848       814
    1      836       814       802
    1      865       836       854
    1      802       814       776
    1      836       802       822
    1      317       345       336
    1      336       345       363
    1      139       137       157
    1      869       881       856
    1      568       612       587
    1      568       587       538
    1      428       393       398
    1      829       795       813
    1       61        62        75
    1       61        75        73
    1       73        75        88
    1       61        73        60
    1       48        61        47
    1       47        61        60
    1       47        60        53
    1      891       869       878
    1      878       869       853
    1      853       869       840
    1      878       853       864
    1      840       869       856
    1      840       856       827
    1      853       840       823
    1      823       840       807
    1      853       823       835
    1      807       840       827
    1      807       827       791
    1      823       807       785
    1      827       856       850
    1      601       568       556
    1      556       568       512
    1      512       568       538
    1      512       538       478
    1      556       512       498
    1      478       538       496
    1      512       478       465
    1      832       815       796
    1      796       815       777
    1      796       777       750
    1      750       777       722
    1      796       750       770
    1      770       750       719
    1      719       750       695
    1      770       719       747
    1      747       719       693
    1      693       719       671
    1      747       693       725
    1      747       725       775
    1      775       725       756
    1      747       775       795
    1      695       750       722
    1      695       722       673
    1      673       722       706
    1      695       673       648
    1      719       695       671
    1      671       695       648
    1      671       648       621
    1      621       648       602
    1      671       621       646
    1      722       777       757
    1      725       693       675
    1      175       185       207
    1      175       207       202
    1      202       207       229
    1      229       207       232
    1      229       232       253
    1      202       229       234
    1      253       232       258
    1      253       258       277
    1      229       253       264
    1      277       258       281
    1      281       258       267
    1      277       281       300
    1      281       267       291
    1      267       258       242
    1      253       277       264
    1      300       281       307
    1      300       307       326
    1      326       307       336
    1      326       336       356
    1      300       326       315
    1      277       300       293
    1      356       336       363
    1      356       363       393
    1      326       356       343
    1      315       326       343
    1      300       315       293
    1      293       315       295
    1      812       794       828
    1      651       607       636
    1      393       437       412
    1      911       928       922
    1      911       922       905
    1      905       922       919
    1      911       905       890
    1      890       905       882
    1      911       890       899
    1      882       905       900
    1      890       882       868
    1      911       899       918
    1      900       905       919
    1      900       919       914
    1      914       919       931
    1      900       914       894
    1      882       900       880
    1      868       882       857
    1      890       868       877
    1      877       868       850
    1      850       868       841
    1      841       868       857
    1      841       857       830
    1      830       857       855
    1      841       830       808
    1      850       841       819
    1      855       857       880
    1      855       880       870
    1      870       880       894
    1      855       870       845
    1      870       894       893
    1      894       880       900
    1      830       855       824
    1      808       830       798
    1      841       808       819
    1      819       808       781
    1      781       808       768
    1      819       781       791
    1      791       781       743
    1      768       808       798
    1      768       798       754
    1      754       798       788
    1      768       754       717
    1      781       768       729
    1      893       894       910
    1      870       893       867
    1      788       798       824
    1      754       788       736
    1      717       754       702
    1      768       717       729
    1      729       717       681
    1      681       717       666
    1      729       681       694
    1      845       870       867
    1      743       781       729
    1      666       717       702
    1      666       702       655
    1      655       702       689
    1      666       655       619
    1      694       681       647
    1      855       845       824
    1      824       845       818
    1      818       845       842
    1      824       818       788
    1      788       818       780
    1      842       845       867
    1      842       867       866
    1      866       867       887
    1      842       866       837
    1      818       842       809
    1      780       818       809
    1      788       780       736
    1      736       780       733
    1      733       780       769
    1      736       733       689
    1      689       733       684
    1      736       689       702
    1      887       867       893
    1      887       893       904
    1      866       887       892
    1      837       866       854
    1      842       837       809
    1      809       837       822
    1      822       837       854
    1      822       854       836
    1      791       743       765
    1      681       666       638
    1      729       694       743
    1      743       694       714
    1      714       694       662
    1      743       714       765
    1      765       714       732
    1      732       714       682
    1      765       732       785
    1      144       172       164
    1      693       671       646
    1      693       646       675
    1      769       780       809
    1      769       809       784
    1      266       278       251
    1      266       251       241
    1      241       251       226
    1      241       226       216
    1      241       216       233
    1      266       241       257
    1      233       216       208
    1      241       233       257
    1      257       233       254
    1      254       233       228
    1      257       254       276
    1      228       233       208
    1      228       208       201
    1      254       228       246
    1      257       276       282
    1      701       725       675
    1      701       675       652
    1      652       675       628
    1      628       675       646
    1      652       628       605
    1      628       646       603
    1      603       646       621
    1      628       603       583
    1      603       621       580
    1      580       621       602
    1      603       580       559
    1      580       602       557
    1      557       602       570
    1      580       557       513
    1      570       602       627
    1      557       570       527
    1      535       570       544
    1      586       570       627
    1      583       603       559
    1      628       583       605
    1      605       583       562
    1      562       583       534
    1      605       562       587
    1      605       587       633
    1      627       602       648
    1      627       648       673
    1      627       673       654
    1      534       583       559
    1      534       559       503
    1      503       559       513
    1      534       503       474
    1      562       534       496
    1      562       496       538
    1      654       673       706
    1      627       654       586
    1      559       580       513
    1      587       562       538
    1      276       254       269
    1      904       924       912
    1      904       912       892
    1      892       912       901
    1      904       892       887
    1      904       893       915
    1      403       371       391
    1      791       827       819
    1      850       819       827
    1       29        32        23
    1       29        23        20
    1       20        23        14
    1       20        14        15
    1       20        15        22
    1       22        15        13
    1       13        15         8
    1      616       661       656
    1      616       656       600
    1      616       600       576
    1      576       600       553
    1      616       576       625
    1      576       553       529
    1      529       553       495
    1      576       529       577
    1      577       529       507
    1      576       577       625
    1      507       529       477
    1      577       507       547
    1      663       650       613
    1      498       537       556
    1      438       455       418
    1      438       418       403
    1      403       418       386
    1      438       403       426
    1      426       403       391
    1      426       391       413
    1      438       426       462
    1      413       391       382
    1      426       413       449
    1      462       426       449
    1      462       449       489
    1      489       449       483
    1      462       489       507
    1      507       489       547
    1      438       462       477
    1      477       462       507
    1      692       720       672
    1      132       149       144
    1      132       144       124
    1      124       144       146
    1      132       124       111
    1      111       124       105
    1      132       111       114
    1      132       114       134
    1      114       111        95
    1      105       124       122
    1      111       105        92
    1       92       105        88
    1       88       105       104
    1       92        88        75
    1      104       105       122
    1      104       122       126
    1       88       104        90
    1      126       122       153
    1      104       126       106
    1      714       662       682
    1      682       662       622
    1      622       662       593
    1      682       622       654
    1      682       654       706
    1      865       854       879
    1      879       854       866
    1      662       694       647
    1      662       647       593
    1      318       290       310
    1      731       680       710
    1      927       915       910
    1      910       915       893
    1      831       810       797
    1      679       727       712
    1      679       712       663
    1      663       712       697
    1      679       663       631
    1      631       663       613
    1      631       613       584
    1      679       631       643
    1      643       631       597
    1      584       613       572
    1      631       584       597
    1      597       584       552
    1      552       584       536
    1      597       552       567
    1      643       597       611
    1      679       643       691
    1      552       536       497
    1      597       567       611
    1      611       567       589
    1      589       567       539
    1      611       589       634
    1      536       584       572
    1      536       572       514
    1      514       572       542
    1      536       514       482
    1      567       552       522
    1      777       801       757
    1      757       801       785
    1      785       801       823
    1      757       785       732
    1       53        49        41
    1       53        41        39
    1      629       625       577
    1      344       357       327
    1      344       327       318
    1      318       327       301
    1      344       318       335
    1      335       318       310
    1      335       310       325
    1      344       335       362
    1      325       310       299
    1      335       325       354
    1      362       335       354
    1      362       354       382
    1      382       354       372
    1      372       354       346
    1      382       372       402
    1      344       362       371
    1      371       362       391
    1      391       362       382
    1      346       354       325
    1      346       325       319
    1      319       325       299
    1      319       299       292
    1      346       319       339
    1      292       299       276
    1      276       299       282
    1      292       276       269
    1      292       269       288
    1      288       269       265
    1      292       288       314
    1      319       292       314
    1      319       314       339
    1      339       314       334
    1      334       314       308
    1      339       334       359
    1      265       269       246
    1      265       246       243
    1      243       246       220
    1      265       243       263
    1      288       265       284
    1      314       288       308
    1      308       288       284
    1      308       284       305
    1      305       284       279
    1      308       305       331
    1      346       339       368
    1      334       308       331
    1      334       331       358
    1      358       331       353
    1      334       358       359
    1      359       358       385
    1      385       358       381
    1      359       385       388
    1      353       331       328
    1      358       353       381
    1      381       353       377
    1      377       353       342
    1      381       377       407
    1      385       381       410
    1      388       385       414
    1      359       388       368
    1      368       388       396
    1      396       388       421
    1      368       396       372
    1      372       396       402
    1      368       372       346
    1      402       396       427
    1      427       396       421
    1      427       421       457
    1      402       427       439
    1      457       421       446
    1      427       457       482
    1      482       457       497
    1      497       457       446
    1      482       497       536
    1      439       427       482
    1      402       439       413
    1      413       439       449
    1      402       413       382
    1      446       421       414
    1      414       421       388
    1      446       414       442
    1      442       414       410
    1      446       442       479
    1      442       410       440
    1      440       410       407
    1      442       440       488
    1      407       410       381
    1      479       442       488
    1      479       488       539
    1      446       479       497
    1      440       407       436
    1      449       439       483
    1      488       440       469
    1      339       359       368
    1      637       686       676
    1      637       676       629
    1      629       676       669
    1      637       629       591
    1      591       629       577
    1      637       591       608
    1      608       591       542
    1      542       591       547
    1      637       608       650
    1      650       608       613
    1      613       608       572
    1      892       879       866
    1      619       655       610
    1      655       689       641
    1      733       769       728
    1      290       266       282
    1      282       266       257
    1      290       282       310
    1      706       722       757
    1      706       757       732
    1      706       732       682
    1      810       794       771
    1      810       771       797
    1      174       148       170
    1      174       170       201
    1      201       170       192
    1      192       170       161
    1      192       161       191
    1      201       192       220
    1      191       161       157
    1      192       191       218
    1      484       498       453
    1      746       692       718
    1       38        47        39
    1      932       927       941
    1      941       927       940
    1      940       927       931
    1      941       940       950
    1      950       940       945
    1      814       831       797
    1      814       797       776
    1      776       797       751
    1      751       797       771
    1      751       771       718
    1      751       718       696
    1      776       751       721
    1      696       718       670
    1      751       696       721
    1      721       696       674
    1      674       696       649
    1      721       674       707
    1      649       696       670
    1      649       670       620
    1      620       670       645
    1      649       620       604
    1      674       649       626
    1      707       674       665
    1      721       707       760
    1      645       670       692
    1      645       692       672
    1      620       645       599
    1      604       620       578
    1      649       604       626
    1      626       604       582
    1      582       604       560
    1      626       582       609
    1      560       604       578
    1      560       578       521
    1      521       578       551
    1      560       521       500
    1      582       560       528
    1      609       582       566
    1      626       609       665
    1      776       721       760
    1      776       760       802
    1      802       760       784
    1      784       760       728
    1      802       784       822
    1      521       551       480
    1      560       500       528
    1      528       500       466
    1      551       578       599
    1      551       599       579
    1      500       521       475
    1      666       619       638
    1      638       619       588
    1      638       588       647
    1       63        53        67
    1      807       791       765
    1      948       945       934
    1      934       945       931
    1      931       945       940
    1      934       931       919
    1      931       927       914
    1      172       202       204
    1       30        20        22
    1      220       246       228
    1      265       263       284
    1      284       263       279
    1      730       711       683
    1      730       683       700
    1      700       683       653
    1      730       700       755
    1      653       683       634
    1      634       683       658
    1      653       634       606
    1      634       658       611
    1      611       658       643
    1      700       653       672
    1      672       653       624
    1      606       634       589
    1      606       589       561
    1      624       653       606
    1      624       606       579
    1      672       624       645
    1      561       589       539
    1      561       539       488
    1      606       561       579
    1      579       561       520
    1      520       561       488
    1      579       520       551
    1      478       496       433
    1      343       356       374
    1      243       220       218
    1      218       220       192
    1      665       609       635
    1      299       310       282
    1      856       877       850
    1      512       465       498
    1      498       465       453
    1      119       113       133
    1      465       478       444
    1      263       243       240
    1       41        30        39
    1      919       922       934
    1      331       305       328
    1      328       305       306
    1      328       306       342
    1      328       342       353
    1      277       293       264
    1      670       718       692
    1       94        77        80
    1      798       830       824
    1      187       216       198
    1      785       807       765
    1      659       690       710
    1      659       710       680
    1      674       626       665
    1      707       665       728
    1      107       115       128
    1       28        39        30
    1      122       124       146
    1      122       146       153
    1      407       377       404
    1      771       746       718
    1      577       547       591
    1      104       106        90
    1       90       106        93
    1       93       106       112
    1       90        93        76
    1      115        94        97
    1      720       700       672
    1      106       126       125
    1      760       707       728
    1      623       581       615
    1       60        73        76
    1       76        73        90
    1       73        88        90
    1      218       191       217
    1      702       754       736
    1      599       645       624
    1      315       343       330
    1      882       880       857
    1      488       469       520
    1      417       450       422
    1      566       582       528
    1      620       599       578
    1      385       410       414
    1      469       440       436
    1      550       598       581
    1      514       542       483
    1      437       445       412
    1      412       445       419
    1      419       445       453
    1      419       453       429
    1      412       419       390
    1      429       453       465
    1      419       429       397
    1      390       419       397
    1      412       390       374
    1      374       367       343
    1      390       397       367
    1      367       397       360
    1      367       360       330
    1      390       367       374
    1      397       429       399
    1      922       937       934
    1      489       483       542
    1      910       894       914
    1      910       914       927
    1      684       733       728
    1      422       398       375
    1      436       407       404
    1      161       139       157
    1      579       599       624
    1      143       161       170
    1      660       615       644
    1      644       615       598
    1      598       615       581
    1      539       567       522
    1      539       522       479
    1      479       522       497
    1      542       572       608
    1      609       566       592
    1      387       417       422
    1      482       514       483
    1      146       144       164
    1      146       164       176
    1      176       164       204
    1      585       556       537
    1      363       375       398
    1      689       684       641
    1      641       684       635
    1      157       137       156
    1      635       609       592
    1      635       592       641
    1       80        77        63
    1      164       172       204
    1      475       521       480
    1       93       112        97
    1       97       127       115
    1      263       240       279
    1      125       126       145
    1      125       145       142
    1      142       160       162
    1      125       142       112
    1      125       112       106
    1      552       497       522
    1       67        53        60
    1      465       444       429
    1      429       444       399
    1      444       478       433
    1      444       433       399
    1      217       191       203
    1      647       681       638
    1      480       551       520
    1      404       377       373
    1      404       373       408
    1      254       246       269
    1       63        67        80
    1      218       217       240
    1      220       228       201
    1       76        93        80
    1      393       412       374
    1      500       475       454
    1       94        80        97
    1      655       641       610
    1      374       356       393
    1      619       610       571
    1      619       571       588
    1      240       243       218
    1      728       769       784
    1      784       809       822
    1       39        47        53
    1      157       156       203
    1      635       684       665
    1      684       728       665
    1      454       434       408
    1      592       566       523
    1      156       137       147
    1      500       454       466
    1      466       454       441
    1      571       610       549
    1      306       305       279
    1      483       439       482
    1      398       393       363
    1      436       404       434
    1      434       404       408
    1      434       454       475
    1      436       434       480
    1      434       475       480
    1       72        59        77
    1       97        80        93
    1       60        76        67
    1       67        76        80
    1      610       641       592
    1      654       622       586
    1      520       469       480
    1      566       528       493
    1      493       528       466
    1      566       493       523
    1      523       493       485
    1      464       493       456
    1      191       157       203
    1      142       163       150
    1      142       150       127
    1      127       150       138
    1      142       127       112
    1      138       150       169
    1      127       138       115
    1      127        97       112
    1      469       436       480
    1      240       217       230
    1      230       217       203
    1      240       230       255
    1      496       534       474
    1      496       474       433
    1      128       115       138
    1      128       138       147
    1      147       138       168
    1      128       147       137
    1      156       147       168
    1      168       138       169
    1      156       168       203
    1      547       489       542
    1      373       377       342
    1      424       454       408
    1      593       569       622
    1      255       279       240
    1      569       586       622
    1      549       610       592
    1      593       647       588
    1      146       176       153
    1      234       229       264
    1      343       367       330
    1      397       399       360
    1      234       204       202
    1      523       549       592
    1      153       145       126
    1      295       264       293
    1      295       315       330
2 68
    1      195       205
    1      526       519
    1      180       181
    1      389       406
    1      338       322
    1      280       294
    1      492       504
    1      448       435
    1      237       225
    1      235       245
    1      447       460
    1      494       486
    1      283       270
    1      337       349
    1      524       531
    1      394       379
    1      196       190
    1      213       224
    1      511       505
    1      183       189
    1      420       432
    1      311       296
    1      309       321
    1      510       515
    1      423       409
    1      214       206
    1      256       268
    1      468       481
    1      472       461
    1      259       248
    1      365       378
    1      533       532
    1      366       350
    1      184       182
    1      205       213
    1      519       511
    1      181       183
    1      406       420
    1      322       311
    1      294       309
    1      504       510
    1      435       423
    1      225       214
    1      245       256
    1      460       468
    1      486       472
    1      270       259
    1      349       365
    1      531       533
    1      379       366
    1      190       184
    1      224       235
    1      505       494
    1      189       195
    1      432       447
    1      296       283
    1      321       337
    1      515       524
    1      409       394
    1      206       196
    1      268       280
    1      481       492
    1      461       448
    1      248       237
    1      378       389
    1      532       526
    1      350       338
    1      182       180
2 29
    2      952       943
    2      787       773
    2      873       862
    2      916       906
    2      752       745
    2      825       816
    2      972       967
    2      936       925
    2      766       759
    2      851       838
    2      975       974
    2      895       883
    2      739       738
    2      803       792
    2      962       957
    2      943       936
    2      773       766
    2      862       851
    2      906       895
    2      745       739
    2      816       803
    2      967       962
    2      925       916
    2      759       752
    2      838       825
    2      974       972
    2      883       873
    2      792       787
    2      957       952



